  -3.5591299549    0.4904088267   -0.2086521737
  -4.3863322632   -0.0805677006   -0.2086521737
  -4.8534375087   -0.9705623879   -0.2086521737
  -2.2894596921   -2.3824519569   -2.0273055216
  -3.1054596934   -0.9431252806    2.3893478303
  -3.9043471670   -0.3626995559    2.0684963809
  -3.9043471670   -1.5235510053    2.0684963809
  -2.8003118316   -1.8822738312    2.0684963809
  -3.9043471670    0.4405884134    1.2284963809
  -4.6068770211   -0.3966540641    1.2284963809
  -4.6068770211   -1.4895964971    1.2284963809
  -3.9043471670    0.4405884134    0.1901992798
  -4.6068770211   -0.3966540641    0.1901992798
  -3.9843471674    0.4345884133   -0.5965036271
  -4.6868770214   -0.4026540641   -0.5965036271
  -2.9080089858    0.6243758751   -1.6348007282
  -3.9843471674    0.4345884133   -1.6348007282
  -4.6868770214   -0.4026540641   -1.6348007282
  -4.6868770214   -1.4955964971   -1.6348007282
  -2.1979804699   -0.9491252806   -2.4748007282
  -2.8803118319   -0.0099767301   -2.4748007282
  -3.9843471674   -0.3686995559   -2.4748007282
  -3.9843471674   -1.5295510054   -2.4748007282
  -2.8803118319   -1.8882738312   -2.4748007282
  -3.1854596937   -0.9491252806   -2.7956521777
  -3.3504596944   -2.7991252888    1.7513478263
  -4.3304596944   -2.7991252888    1.4887576177
  -3.8404596944   -3.6478301845    1.4887576177
  -2.8604596944   -3.6478301845    1.4887576177
  -3.8749881664   -4.4134579317    0.7713478263
  -2.8259312225   -4.4134579317    0.7713478263
  -1.9772263268   -3.7968377313    0.7713478263
  -4.3304596944   -4.4965350802   -0.2086521737
  -3.3504596944   -4.7591252888   -0.2086521737
  -2.3704596944   -4.4965350802   -0.2086521737
  -1.6530499030   -3.7791252888   -0.2086521737
  -3.8749881664   -4.4134579317   -1.1886521737
  -2.8259312225   -4.4134579317   -1.1886521737
  -1.9772263268   -3.7968377313   -1.1886521737
  -2.3704596944   -2.7991252888   -1.9060619651
  -4.3304596944   -2.7991252888   -1.9060619651
  -3.8404596944   -3.6478301845   -1.9060619651
  -2.8604596944   -3.6478301845   -1.9060619651
  -3.3504596944   -2.7991252888   -2.1686521737
  -5.0943471723   -2.1846995639    1.1504963768
  -5.0943471723   -3.3455510134    1.1504963768
  -5.0943471723   -1.3814115947    0.3104963768
  -5.7968770263   -2.2186540721    0.3104963768
  -5.7968770263   -3.3115965051    0.3104963768
  -5.0943471723   -4.1488389826    0.3104963768
  -5.0943471723   -1.3814115947   -0.7278007243
  -5.7968770263   -2.2186540721   -0.7278007243
  -5.7968770263   -3.3115965051   -0.7278007243
  -5.0943471723   -4.1488389826   -0.7278007243
  -5.0943471723   -2.1846995639   -1.5678007243
  -5.0943471723   -3.3455510134   -1.5678007243
  -0.6140089757   -3.5706264410   -0.5975036271
   0.3325069362   -3.0241552245   -0.5975036271
  -1.6903471573   -3.3808389792   -1.6358007282
  -0.6140089757   -3.5706264410   -1.6358007282
  -0.5863118218   -1.0579767347   -2.4758007282
  -1.6903471573   -1.4166995605   -2.4758007282
  -1.6903471573   -2.5775510100   -2.4758007282
  -0.5863118218   -2.9362738358   -2.4758007282
  -0.8914596836   -1.9971252852   -2.7966521777
   0.1985403169   -2.1441252859    2.6507576228
  -1.2714596831   -2.9928301816    2.6507576228
  -0.2914596831   -2.9928301816    2.6507576228
   0.9159501083   -2.1441252859    1.9333478314
  -2.1546930508   -3.1418377284    1.9333478314
  -1.3059881551   -3.7584579288    1.9333478314
  -0.2569312112   -3.7584579288    1.9333478314
   0.5917736846   -3.1418377284    1.9333478314
  -1.7614596831   -3.8415350773    0.9533478314
  -0.7814596831   -4.1041252859    0.9533478314
   0.1985403169   -3.8415350773    0.9533478314
   0.9159501083   -3.1241252859    0.9533478314
  -1.3059881551   -3.7584579288   -0.0266521686
  -0.2569312112   -3.7584579288   -0.0266521686
   0.5917736846   -3.1418377284   -0.0266521686
  -1.1764596849   -1.5851252834    3.3163478344
  -0.1889804610   -1.5851252834    2.9954963850
  -0.8713118231   -0.6459767329    2.9954963850
  -1.9753471586   -1.0046995587    2.9954963850
  -1.9753471586   -2.1655510082    2.9954963850
  -0.8713118231   -2.5242738340    2.9954963850
   0.0475069349   -0.5580953442    2.1554963850
  -2.6778770126   -2.1315964999    2.1554963850
  -0.8930089769    2.0513758814   -0.6755036275
  -1.9693471585    1.8615884196   -0.6755036275
  -0.8930089769    2.0513758814   -1.7138007286
  -1.9693471585    1.8615884196   -1.7138007286
  -2.6718770126    1.0243459422   -1.7138007286
  -0.1829804610    0.4778747257   -2.5538007286
  -0.8653118231    1.4170232762   -2.5538007286
  -1.9693471585    1.0583004504   -2.5538007286
  -1.9693471585   -0.1025509991   -2.5538007286
  -0.8653118231   -0.4612738249   -2.5538007286
  -1.1704596848    0.4778747257   -2.8746521780
  -1.2034596850    0.6738747265    2.9053478314
  -0.2234596850    0.6738747265    2.6427576228
  -0.7134596850    1.5225796222    2.6427576228
  -1.6934596850    1.5225796222    2.6427576228
  -2.1834596850    0.6738747265    2.6427576228
  -1.6934596850   -0.1748301692    2.6427576228
  -0.7134596850   -0.1748301692    2.6427576228
  -1.7279881569    2.2882073695    1.9253478314
  -2.1834596850    2.3712845179    0.9453478314
  -1.7279881569    2.2882073695   -0.0346521686
  -2.9793471630    1.1713004509    2.1544963813
  -2.9793471630    0.0104490014    2.1544963813
  -2.9793471630    1.9745884201    1.3144963813
  -3.6818770170    1.1373459427    1.3144963813
  -2.9793471630    1.9745884201    0.2761992802
  -3.6818770170    1.1373459427    0.2761992802
  -2.9793471630    1.1713004509   -0.5638007198
   1.2385403258   -0.4981252786    2.3413478301
   2.2260195496   -0.4981252786    2.0204963807
   1.5436881875    0.4410232719    2.0204963807
   0.4396528521    0.0823004461    2.0204963807
   1.5436881875   -1.4372738292    2.0204963807
   1.5159910337   -2.0716264344    1.1804963807
   2.4625069456   -1.5251552179    1.1804963807
   2.4625069456   -1.5251552179    0.1421992796
   2.6997736938   -1.6388377218   -0.3486521786
   3.0239501176   -1.6211252793   -1.3286521786
   3.0239501176   -0.6411252793   -2.3086521786
   1.8510687981    0.9732073637   -2.3086521786
  -0.3708694653   -0.6411252793   -2.3086521786
   2.6997736938   -1.6388377218   -2.3086521786
   2.3065403262   -0.6411252793   -3.0260619700
   1.8165403262    0.2075796164   -3.0260619700
   0.8365403262    0.2075796164   -3.0260619700
   0.3465403262   -0.6411252793   -3.0260619700
   0.8365403262   -1.4898301750   -3.0260619700
   1.8165403262   -1.4898301750   -3.0260619700
   1.3265403262   -0.6411252793   -3.2886521786
   1.2886881864   -2.5102738339    0.1034963722
   1.2609910326   -3.1446264391   -0.7365036278
   2.2075069444   -2.5981552226   -0.7365036278
   1.2609910326   -3.1446264391   -1.7748007289
   2.2075069444   -2.5981552226   -1.7748007289
   0.1846528510   -2.1515510081   -2.6148007289
   1.2886881864   -2.5102738339   -2.6148007289
   1.1539910321    3.4933758877   -0.6455036274
   0.0776528505    3.3035884260   -0.6455036274
   1.1539910321    3.4933758877   -1.6838007285
   0.0776528505    3.3035884260   -1.6838007285
  -0.6248770035    2.4663459485   -1.6838007285
   1.8640195480    1.9198747320   -2.5238007285
   1.1816881859    2.8590232826   -2.5238007285
   0.0776528505    2.5003004567   -2.5238007285
   0.0776528505    1.3394490073   -2.5238007285
   1.1816881859    0.9807261815   -2.5238007285
   0.8765403242    1.9198747320   -2.8446521779
   0.8535403241    2.1488747330    2.8743478312
   1.8335403241    2.1488747330    2.6117576227
   1.3435403241    2.9975796287    2.6117576227
   0.3635403241    2.9975796287    2.6117576227
  -0.1264596759    2.1488747330    2.6117576227
   0.3635403241    1.3001698373    2.6117576227
   1.3435403241    1.3001698373    2.6117576227
   2.5509501155    2.1488747330    1.8943478312
   2.2267736918    3.1465871755    1.8943478312
   1.3780687960    3.7632073760    1.8943478312
   0.3290118521    3.7632073760    1.8943478312
   1.8335403241    3.8462845244    0.9143478312
   0.8535403241    4.1088747330    0.9143478312
  -0.1264596759    3.8462845244    0.9143478312
   1.3780687960    3.7632073760   -0.0656521688
   0.3290118521    3.7632073760   -0.0656521688
  -0.8693471537    2.7073004576    2.2254963816
  -0.8693471537    3.5105884269    1.3854963816
  -1.5718770077    2.6733459494    1.3854963816
  -0.8693471537    3.5105884269    0.3471992805
  -1.5718770077    2.6733459494    0.3471992805
  -0.8693471537    2.7073004576   -0.4928007195
   4.9265403328    1.4308747298   -0.2086521737
   3.0796673613   -0.6538139058   -0.2086521737
   4.0194763009   -0.2973913885   -0.2086521737
   4.6859979866    0.4549560686   -0.2086521737
   2.3015403328    2.3402014038   -2.0273055216
   3.1225403341    0.9248747276    2.3433478301
   4.1100195579    0.9248747276    2.0224963807
   3.4276881958    1.8640232782    2.0224963807
   2.3236528604    0.3444490029    2.0224963807
   3.4276881958   -0.0142738229    2.0224963807
   4.7203152814    0.9248747276    1.1824963807
   4.3465069539    1.9519046669    1.1824963807
   3.3999910420   -0.6486264281    1.1824963807
   4.3465069539   -0.1021552116    1.1824963807
   3.3999910420   -0.6486264281    0.1441992796
   4.3465069539   -0.1021552116    0.1441992796
   3.3979910420   -0.6576264282   -0.5775036271
   4.3445069538   -0.1111552117   -0.5775036271
   4.7183152814    0.9158747276   -1.6158007282
   4.3445069538    1.9429046668   -1.6158007282
   3.3979910420   -0.6576264282   -1.6158007282
   4.3445069538   -0.1111552117   -1.6158007282
   4.1080195579    0.9158747276   -2.4558007282
   3.4256881958    1.8550232781   -2.4558007282
   2.3216528604    1.4963004523   -2.4558007282
   3.4256881958   -0.0232738230   -2.4558007282
   3.1205403341    0.9158747276   -2.7766521776
   3.2425403346    2.8618747362    1.7513478263
   4.2225403346    2.8618747362    1.4887576177
   3.7325403346    3.7105796319    1.4887576177
   2.7525403346    3.7105796319    1.4887576177
   3.7670688066    4.4762073791    0.7713478263
   2.7180118626    4.4762073791    0.7713478263
   1.8693069669    3.8595871786    0.7713478263
   3.2425403346    4.8218747362   -0.2086521737
   2.2625403346    4.5592845276   -0.2086521737
   1.5451305432    3.8418747362   -0.2086521737
   3.7670688066    4.4762073791   -1.1886521737
   2.7180118626    4.4762073791   -1.1886521737
   1.8693069669    3.8595871786   -1.1886521737
   4.2225403346    2.8618747362   -1.9060619651
   3.7325403346    3.7105796319   -1.9060619651
   2.7525403346    3.7105796319   -1.9060619651
   2.2625403346    2.8618747362   -1.9060619651
   3.2425403346    2.8618747362   -2.1686521737
   5.1790195626    3.0088747368    1.1504963768
   4.4966882005    3.9480232873    1.1504963768
   4.4966882005    2.0697261862    1.1504963768
   5.7893152861    3.0088747368    0.3104963768
   5.4155069586    4.0359046760    0.3104963768
   4.4689910467    4.5823758925    0.3104963768
   5.4155069586    1.9818447976    0.3104963768
   5.7893152861    3.0088747368   -0.7278007243
   5.4155069586    4.0359046760   -0.7278007243
   4.4689910467    4.5823758925   -0.7278007243
   5.4155069586    1.9818447976   -0.7278007243
   5.1790195626    3.0088747368   -1.5678007243
   4.4966882005    3.9480232873   -1.5678007243
   4.4966882005    2.0697261862   -1.5678007243
  -3.1054596934   -0.9431252806    2.6293478303
  -3.5854596934   -0.1117408930    2.3721166056
  -4.0654596934   -0.9431252806    2.3721166056
  -3.5854596934   -1.7745096682    2.3721166056
  -4.4506678903    0.0342256835    1.6693478303
  -4.7682284686   -0.9431252806    1.6693478303
  -4.4506678903   -1.9204762447    1.6693478303
  -4.7682284686    0.0168747194    0.7093478303
  -5.0254596934   -0.9431252806    0.7093478303
  -3.1854596937    0.9708747194   -1.1156521777
  -4.1454596937    0.7136434946   -1.1156521777
  -4.8482284690    0.0108747194   -1.1156521777
  -5.1054596937   -0.9491252806   -1.1156521777
  -3.6992835030    0.6322617982   -2.0756521777
  -4.5306678906    0.0282256834   -2.0756521777
  -4.8482284690   -0.9491252806   -2.0756521777
  -4.5306678906   -1.9264762447   -2.0756521777
  -2.2254596937   -0.9491252806   -2.7784209530
  -2.7054596937   -0.1177408930   -2.7784209530
  -3.6654596937   -0.1177408930   -2.7784209530
  -4.1454596937   -0.9491252806   -2.7784209530
  -3.6654596937   -1.7805096683   -2.7784209530
  -2.7054596937   -1.7805096683   -2.7784209530
  -3.1854596937   -0.9491252806   -3.0356521777
  -3.3504596944   -2.7991252888    2.0313478263
  -4.3223592701   -2.7991252888    1.8095180904
  -3.8364094822   -3.6408150112    1.8095180904
  -2.8645099066   -3.6408150112    1.8095180904
  -3.8916419356   -4.4647129631    1.1879649825
  -2.8092774532   -4.4647129631    1.1879649825
  -4.1248595073   -4.8410497795    0.2897947184
  -3.0872270486   -4.9670411704    0.2897947184
  -2.1098980168   -4.5963891592    0.2897947184
  -4.1248595073   -4.8410497795   -0.7070990658
  -3.0872270486   -4.9670411704   -0.7070990658
  -2.1098980168   -4.5963891592   -0.7070990658
  -3.8916419356   -4.4647129631   -1.6052693299
  -2.8092774532   -4.4647129631   -1.6052693299
  -1.9336261929   -3.8285150828   -1.6052693299
  -2.3785601188   -2.7991252888   -2.2268224378
  -4.3223592701   -2.7991252888   -2.2268224378
  -3.8364094822   -3.6408150112   -2.2268224378
  -2.8645099066   -3.6408150112   -2.2268224378
  -3.3504596944   -2.7991252888   -2.4486521737
  -4.7754596986   -1.9337409010    1.4541166016
  -5.2554596986   -2.7651252886    1.4541166016
  -4.7754596986   -3.5965096763    1.4541166016
  -5.6406678955   -1.7877743246    0.7513478263
  -5.9582284739   -2.7651252886    0.7513478263
  -5.6406678955   -3.7424762527    0.7513478263
  -4.8092835079   -4.3465123674    0.7513478263
  -5.2554596986   -1.1023565134   -0.2086521737
  -5.9582284739   -1.8051252886   -0.2086521737
  -6.2154596986   -2.7651252886   -0.2086521737
  -5.9582284739   -3.7251252886   -0.2086521737
  -5.2554596986   -4.4278940639   -0.2086521737
  -5.6406678955   -1.7877743246   -1.1686521737
  -5.9582284739   -2.7651252886   -1.1686521737
  -5.6406678955   -3.7424762527   -1.1686521737
  -4.8092835079   -4.3465123674   -1.1686521737
  -4.7754596986   -1.9337409010   -1.8714209490
  -5.2554596986   -2.7651252886   -1.8714209490
  -4.7754596986   -3.5965096763   -1.8714209490
  -0.8914596836   -3.9171252852   -1.1166521777
   0.0685403164   -3.6598940605   -1.1166521777
  -1.4052834929   -3.5785123641   -2.0766521777
  -0.3776358743   -3.5785123641   -2.0766521777
  -0.4114596836   -1.1657408976   -2.7794209530
  -1.3714596836   -1.1657408976   -2.7794209530
  -1.8514596836   -1.9971252852   -2.7794209530
  -1.3714596836   -2.8285096729   -2.7794209530
  -0.4114596836   -2.8285096729   -2.7794209530
  -0.8914596836   -1.9971252852   -3.0366521777
   0.1904398925   -2.1441252859    2.9715180955
  -1.2674094709   -2.9858150083    2.9715180955
  -0.2955098953   -2.9858150083    2.9715180955
   0.9698428376   -2.1441252859    2.3499649876
  -2.1982931847   -3.1735150799    2.3499649876
  -1.3226419243   -3.8097129602    2.3499649876
  -0.2402774419   -3.8097129602    2.3499649876
   0.6353738184   -3.1735150799    2.3499649876
  -1.5558594960   -4.1860497766    1.4517947235
  -0.5182270373   -4.3120411676    1.4517947235
   0.4591019945   -3.9413891563    1.4517947235
   1.1522332964   -3.1590056517    1.4517947235
  -1.5558594960   -4.1860497766    0.4549009394
  -0.5182270373   -4.3120411676    0.4549009394
   0.4591019945   -3.9413891563    0.4549009394
   1.1522332964   -3.1590056517    0.4549009394
  -0.2402774419   -3.8097129602   -0.4432693247
  -1.1764596849   -1.5851252834    3.5563478344
  -0.2164596849   -1.5851252834    3.2991166097
  -0.6964596849   -0.7537408958    3.2991166097
  -1.6564596849   -0.7537408958    3.2991166097
  -2.1364596849   -1.5851252834    3.2991166097
  -1.6564596849   -2.4165096711    3.2991166097
  -0.6964596849   -2.4165096711    3.2991166097
   0.1687485120   -0.6077743194    2.5963478344
  -2.5216678818   -0.6077743194    2.5963478344
  -2.8392284601   -1.5851252834    2.5963478344
  -2.5216678818   -2.5624762475    2.5963478344
  -1.1704596848    2.3978747257   -1.1946521780
  -2.1304596848    2.1406435009   -1.1946521780
  -2.8332284601    1.4378747257   -1.1946521780
  -1.6842834941    2.0592618045   -2.1546521780
  -2.5156678817    1.4552256897   -2.1546521780
  -0.2104596848    0.4778747257   -2.8574209533
  -0.6904596848    1.3092591133   -2.8574209533
  -1.6504596848    1.3092591133   -2.8574209533
  -2.1304596848    0.4778747257   -2.8574209533
  -1.6504596848   -0.3535096620   -2.8574209533
  -0.6904596848   -0.3535096620   -2.8574209533
  -1.1704596848    0.4778747257   -3.1146521780
  -1.2034596850    0.6738747265    3.1853478314
  -0.2315601094    0.6738747265    2.9635180955
  -0.7175098972    1.5155644489    2.9635180955
  -1.6894094728    1.5155644489    2.9635180955
  -2.1753592606    0.6738747265    2.9635180955
  -1.6894094728   -0.1678149959    2.9635180955
  -0.7175098972   -0.1678149959    2.9635180955
  -1.7446419262    2.3394624009    2.3419649875
  -2.6202931865    1.7032645205    2.3419649875
   0.2133738166   -0.3555150675    2.3419649875
  -1.9778594979    2.7157992172    1.4437947234
  -1.9778594979    2.7157992172    0.4469009393
  -1.7446419262    2.3394624009   -0.4512693248
  -3.1404596893    0.5908747262    2.4581166060
  -2.6604596893   -0.2405096615    2.4581166060
  -2.6942834986    2.1722618050    1.7553478307
  -3.5256678862    1.5682256902    1.7553478307
  -3.8432284645    0.5908747262    1.7553478307
  -3.1404596893    2.2536435014    0.7953478307
  -3.8432284645    1.5508747262    0.7953478307
  -2.6942834986    2.1722618050   -0.1646521693
  -3.5256678862    1.5682256902   -0.1646521693
   1.2385403258   -0.4981252786    2.5813478301
   2.1985403258   -0.4981252786    2.3241166054
   1.7185403258    0.3332591090    2.3241166054
   0.7585403258    0.3332591090    2.3241166054
   0.2785403258   -0.4981252786    2.3241166054
   1.7185403258   -1.3295096663    2.3241166054
   1.7523641350   -2.0795123575    1.6213478301
   2.5837485227   -1.4754762427    1.6213478301
   2.1985403258   -2.1608940539    0.6613478301
   2.9013091010   -1.4581252786    0.6613478301
   2.7433738277   -1.6705150733    0.0679649775
   3.2602333057   -1.6560056450   -0.8302052866
   3.2602333057   -1.6560056450   -1.8270990707
   3.0778428469   -0.6411252793   -2.7252693348
   1.8677225674    1.0244623951   -2.7252693348
  -0.4247621946   -0.6411252793   -2.7252693348
   2.7433738277   -1.6705150733   -2.7252693348
   2.2984399018   -0.6411252793   -3.3468224427
   1.8124901140    0.2005644431   -3.3468224427
   0.8405905383    0.2005644431   -3.3468224427
   0.3546407505   -0.6411252793   -3.3468224427
   0.8405905383   -1.4828150017   -3.3468224427
   1.8124901140   -1.4828150017   -3.3468224427
   1.3265403262   -0.6411252793   -3.5686521786
   1.4635403246   -2.4025096710    0.4071165970
   1.4973641339   -3.1525123622   -0.2956521783
   2.3287485216   -2.5484762474   -0.2956521783
   0.9835403246   -3.4911252834   -1.2556521783
   1.9435403246   -3.2338940586   -1.2556521783
   2.6463090999   -2.5311252834   -1.2556521783
   0.4697165154   -3.1525123622   -2.2156521783
   1.4973641339   -3.1525123622   -2.2156521783
   2.3287485216   -2.5484762474   -2.2156521783
   0.0235403246   -1.5711252834   -2.9184209536
   0.5035403246   -2.4025096710   -2.9184209536
   1.4635403246   -2.4025096710   -2.9184209536
   0.8765403242    3.8398747320   -1.1646521779
  -0.0834596758    3.5826435073   -1.1646521779
  -0.7862284511    2.8798747320   -1.1646521779
   1.3903641335    3.5012618108   -2.1246521779
   0.3627165149    3.5012618108   -2.1246521779
  -0.4686678727    2.8972256961   -2.1246521779
   1.8365403242    1.9198747320   -2.8274209532
   1.3565403242    2.7512591196   -2.8274209532
   0.3965403242    2.7512591196   -2.8274209532
  -0.0834596758    1.9198747320   -2.8274209532
   0.3965403242    1.0884903444   -2.8274209532
   1.3565403242    1.0884903444   -2.8274209532
   0.8765403242    1.9198747320   -3.0846521779
   0.8535403241    2.1488747330    3.1543478312
   1.8254398997    2.1488747330    2.9325180953
   1.3394901119    2.9905644554    2.9325180953
   0.3675905363    2.9905644554    2.9325180953
  -0.1183592515    2.1488747330    2.9325180953
   0.3675905363    1.3071850106    2.9325180953
   1.3394901119    1.3071850106    2.9325180953
   2.6048428448    2.1488747330    2.3109649874
   2.2703738256    3.1782645270    2.3109649874
   1.3947225653    3.8144624074    2.3109649874
   0.3123580829    3.8144624074    2.3109649874
   1.3947225653    0.4832870587    2.3109649874
   2.0941020017    3.9461386034    1.4127947233
   1.1167729699    4.3167906147    1.4127947233
   0.0791405112    4.1907992237    1.4127947233
   1.1167729699    4.3167906147    0.4159009392
   0.0791405112    4.1907992237    0.4159009392
   0.3123580829    3.8144624074   -0.4822693249
  -0.5504596800    2.9582591205    2.5291166063
  -0.5842834893    3.7082618117    1.8263478310
  -1.4156678769    3.1042256970    1.8263478310
  -1.0304596800    3.7896435082    0.8663478310
  -1.7332284553    3.0868747329    0.8663478310
  -0.5842834893    3.7082618117   -0.0936521690
  -1.4156678769    3.1042256970   -0.0936521690
   5.1663673220    1.4308747298    0.3253980678
   5.1663673220    1.4308747298   -0.7427024152
   3.1225403341    0.9248747276    2.5833478301
   4.0825403341    0.9248747276    2.3261166054
   3.6025403341    1.7562591153    2.3261166054
   2.6425403341    1.7562591153    2.3261166054
   2.1625403341    0.9248747276    2.3261166054
   2.6425403341    0.0934903400    2.3261166054
   3.6025403341    0.0934903400    2.3261166054
   4.7853091093    0.9248747276    1.6233478301
   4.4677485310    1.9022256917    1.6233478301
   3.6363641433   -0.6565123512    1.6233478301
   4.4677485310   -0.0524762365    1.6233478301
   5.0425403341    0.9248747276    0.6633478301
   3.1225403341   -0.9951252724    0.6633478301
   4.0825403341   -0.7378940476    0.6633478301
   4.7853091093   -0.0351252724    0.6633478301
   5.0405403341    0.9158747276   -1.0966521776
   4.0805403341   -0.7468940477   -1.0966521776
   4.7833091093   -0.0441252724   -1.0966521776
   4.7833091093    0.9158747276   -2.0566521776
   4.4657485310    1.8932256917   -2.0566521776
   3.6343641433   -0.6655123512   -2.0566521776
   4.4657485310   -0.0614762365   -2.0566521776
   4.0805403341    0.9158747276   -2.7594209529
   3.6005403341    1.7472591152   -2.7594209529
   2.6405403341    1.7472591152   -2.7594209529
   2.1605403341    0.9158747276   -2.7594209529
   3.6005403341    0.0844903399   -2.7594209529
   3.1205403341    0.9158747276   -3.0166521776
   3.2425403346    2.8618747362    2.0313478263
   4.2144399102    2.8618747362    1.8095180904
   3.7284901224    3.7035644586    1.8095180904
   2.7565905468    3.7035644586    1.8095180904
   3.7837225758    4.5274624105    1.1879649825
   2.7013580934    4.5274624105    1.1879649825
   3.5057729804    5.0297906178    0.2897947184
   2.4681405217    4.9037992268    0.2897947184
   1.6079137276    4.3100275429    0.2897947184
   3.5057729804    5.0297906178   -0.7070990658
   2.4681405217    4.9037992268   -0.7070990658
   1.6079137276    4.3100275429   -0.7070990658
   3.7837225758    4.5274624105   -1.6052693299
   2.7013580934    4.5274624105   -1.6052693299
   1.8257068330    3.8912645301   -1.6052693299
   4.2144399102    2.8618747362   -2.2268224378
   3.7284901224    3.7035644586   -2.2268224378
   2.7565905468    3.7035644586   -2.2268224378
   2.2706407590    2.8618747362   -2.2268224378
   3.2425403346    2.8618747362   -2.4486521737
   5.1515403388    3.0088747368    1.4541166016
   4.6715403388    3.8402591244    1.4541166016
   4.6715403388    2.1774903492    1.4541166016
   5.8543091140    3.0088747368    0.7513478263
   5.5367485357    3.9862257009    0.7513478263
   4.7053641480    4.5902618156    0.7513478263
   5.5367485357    2.0315237727    0.7513478263
   6.1115403388    3.0088747368   -0.2086521737
   5.8543091140    3.9688747368   -0.2086521737
   5.1515403388    4.6716435121   -0.2086521737
   4.1915403388    4.9288747368   -0.2086521737
   5.8543091140    2.0488747368   -0.2086521737
   5.8543091140    3.0088747368   -1.1686521737
   5.5367485357    3.9862257009   -1.1686521737
   4.7053641480    4.5902618156   -1.1686521737
   5.5367485357    2.0315237727   -1.1686521737
   5.1515403388    3.0088747368   -1.8714209490
   4.6715403388    3.8402591244   -1.8714209490
   4.6715403388    2.1774903492   -1.8714209490
  -4.7236480013    0.4360630263   -0.2086521737
  -5.3089344299   -0.4398800156   -0.2086521737
  -3.1054596934   -0.9431252806    2.8693478303
  -3.6454596934   -0.0078178445    2.5799627025
  -4.1854596934   -0.9431252806    2.5799627025
  -3.6454596934   -1.8784327167    2.5799627025
  -4.3304519215    0.4705911128    1.7893478303
  -4.9003015195   -0.4161121698    1.7893478303
  -4.9003015195   -1.4701383914    1.7893478303
  -4.7222429094    0.4892196612    0.7093478303
  -5.2026940190   -0.4262034457    0.7093478303
  -3.9514062497    1.0705098036   -1.1156521777
  -4.8022429098    0.4832196612   -1.1156521777
  -5.2826940193   -0.4322034458   -1.1156521777
  -3.4516759467    0.9024494294   -2.1956521777
  -4.4104519218    0.4645911128   -2.1956521777
  -4.9803015199   -0.4221121698   -2.1956521777
  -4.9803015199   -1.4761383914   -2.1956521777
  -2.1054596937   -0.9491252806   -2.9862670499
  -2.6454596937   -0.0138178445   -2.9862670499
  -3.7254596937   -0.0138178445   -2.9862670499
  -4.2654596937   -0.9491252806   -2.9862670499
  -3.7254596937   -1.8844327167   -2.9862670499
  -2.6454596937   -1.8844327167   -2.9862670499
  -3.1854596937   -0.9491252806   -3.2756521777
  -3.3504596944   -2.7991252888    2.3113478263
  -4.4438467170   -2.7991252888    2.0617893734
  -3.8971532057   -3.7460262265    2.0617893734
  -2.8037661831   -3.7460262265    2.0617893734
  -4.6406763553   -4.2881146902    1.3625421270
  -3.6308505713   -4.7492866733    1.3625421270
  -2.5320026651   -4.5912961960    1.3625421270
  -3.8971532057   -5.1943460623    0.3521005799
  -2.8037661831   -5.1943460623    0.3521005799
  -1.8186585152   -4.7199432127    0.3521005799
  -3.8971532057   -5.1943460623   -0.7694049273
  -2.8037661831   -5.1943460623   -0.7694049273
  -1.8186585152   -4.7199432127   -0.7694049273
  -4.6406763553   -4.2881146902   -1.7798464744
  -3.6308505713   -4.7492866733   -1.7798464744
  -2.5320026651   -4.5912961960   -1.7798464744
  -4.4438467170   -2.7991252888   -2.4790937208
  -3.8971532057   -3.7460262265   -2.4790937208
  -2.8037661831   -3.7460262265   -2.4790937208
  -3.3504596944   -2.7991252888   -2.7286521737
  -4.8354596986   -1.8298178525    1.6619626985
  -5.3754596986   -2.7651252886    1.6619626985
  -4.8354596986   -3.7004327247    1.6619626985
  -5.5204519267   -1.3514088952    0.8713478263
  -6.0903015248   -2.2381121778    0.8713478263
  -6.0903015248   -3.2921383994    0.8713478263
  -5.5204519267   -4.1788416821    0.8713478263
  -5.9122429146   -1.3327803468   -0.2086521737
  -6.3926940242   -2.2482034538   -0.2086521737
  -6.3926940242   -3.2820471235   -0.2086521737
  -5.9122429146   -4.1974702304   -0.2086521737
  -5.0614062546   -4.7847603728   -0.2086521737
  -5.5204519267   -1.3514088952   -1.2886521737
  -6.0903015248   -2.2381121778   -1.2886521737
  -6.0903015248   -3.2921383994   -1.2886521737
  -5.5204519267   -4.1788416821   -1.2886521737
  -5.3754596986   -2.7651252886   -2.0792670459
  -4.8354596986   -3.7004327247   -2.0792670459
  -0.6311004543   -4.1413764533   -1.1166521777
   0.3355601693   -3.7747704356   -1.1166521777
  -1.1576759366   -3.8486999952   -2.1966521777
  -0.1143781822   -3.6986964240   -2.1966521777
  -1.4314596836   -1.0618178492   -2.9872670499
  -1.9714596836   -1.9971252852   -2.9872670499
  -1.4314596836   -2.9324327213   -2.9872670499
  -0.3514596836   -2.9324327213   -2.9872670499
  -0.8914596836   -1.9971252852   -3.2766521777
   0.3119273395   -2.1441252859    3.2237893785
  -1.3281531944   -3.0910262236    3.2237893785
  -0.2347661718   -3.0910262236    3.2237893785
   1.1887556527   -2.1441252859    2.5245421321
  -2.0716763440   -3.6331146873    2.5245421321
  -1.0618505600   -4.0942866704    2.5245421321
   0.0369973462   -3.9362961931    2.5245421321
   0.8759909286   -3.2093041156    2.5245421321
  -1.3281531944   -4.5393460594    1.5141005850
  -0.2347661718   -4.5393460594    1.5141005850
   0.7503414961   -4.0649432098    1.5141005850
   1.4320571541   -3.2100988130    1.5141005850
  -1.3281531944   -4.5393460594    0.3925950778
  -0.2347661718   -4.5393460594    0.3925950778
   0.7503414961   -4.0649432098    0.3925950778
   1.4320571541   -3.2100988130    0.3925950778
   0.0369973462   -3.9362961931   -0.6178464693
  -1.1764596849   -1.5851252834    3.7963478344
  -0.0964596849   -1.5851252834    3.5069627066
  -0.6364596849   -0.6498178473    3.5069627066
  -1.7164596849   -0.6498178473    3.5069627066
  -2.2564596849   -1.5851252834    3.5069627066
  -1.7164596849   -2.5204327195    3.5069627066
  -0.6364596849   -2.5204327195    3.5069627066
   0.3972016849   -0.5737945298    2.7163478344
  -2.9713015111   -2.1121383942    2.7163478344
  -2.4014519130   -2.9988416769    2.7163478344
  -1.9364062408    2.4975098099   -1.1946521780
  -2.7872429009    1.9102196675   -1.1946521780
  -1.4366759378    2.3294494356   -2.2746521780
  -2.3954519130    1.8915911191   -2.2746521780
  -2.9653015110    1.0048878365   -2.2746521780
  -0.6304596848    1.4131821617   -3.0652670502
  -1.7104596848    1.4131821617   -3.0652670502
  -2.2504596848    0.4778747257   -3.0652670502
  -1.7104596848   -0.4574327104   -3.0652670502
  -0.6304596848   -0.4574327104   -3.0652670502
  -1.1704596848    0.4778747257   -3.3546521780
  -1.2034596850    0.6738747265    3.4653478314
  -0.1100726624    0.6738747265    3.2157893785
  -0.6567661737    1.6207756642    3.2157893785
  -1.7501531963    1.6207756642    3.2157893785
  -2.2968467076    0.6738747265    3.2157893785
  -1.4838505619    2.6240361110    2.5165421321
  -2.4936763458    2.1628641279    2.5165421321
  -2.7352608642    2.5946926504    1.5061005850
  -3.2604596893    0.5908747262    2.6659627029
  -3.4054519174    2.0045911196    1.8753478307
  -3.9753015155    1.1178878370    1.8753478307
  -2.9464062453    2.6105098104    0.7953478307
  -3.7972429053    2.0232196680    0.7953478307
  -4.2776940149    1.1077965610    0.7953478307
  -3.4054519174    2.0045911196   -0.2846521693
  -3.9753015155    1.1178878370   -0.2846521693
   1.2385403258   -0.4981252786    2.8213478301
   2.3185403258   -0.4981252786    2.5319627023
   1.7785403258    0.4371821574    2.5319627023
   1.7785403258   -1.4334327147    2.5319627023
   2.0156218272   -2.1996964174    1.7413478301
   2.8122016956   -1.5094560323    1.7413478301
   2.4655601787   -2.2757704290    0.6613478301
   3.1511253412   -1.5019273303    0.6613478301
   2.9839909379   -1.7063041090    0.2425421221
   2.8583415054   -2.5619432032   -0.7678994251
   3.5400571634   -1.7070988064   -0.7678994251
   2.8583415054   -2.5619432032   -1.8894049322
   3.5400571634   -1.7070988064   -1.8894049322
   3.2967556620   -0.6411252793   -2.8998464793
   2.1449973555   -2.4332961865   -2.8998464793
   2.9839909379   -1.7063041090   -2.8998464793
   2.4199273487   -0.6411252793   -3.5990937257
   1.8732338374    0.3057756584   -3.5990937257
   0.7798468149    0.3057756584   -3.5990937257
   0.2331533036   -0.6411252793   -3.5990937257
   0.7798468149   -1.5880262170   -3.5990937257
   1.8732338374   -1.5880262170   -3.5990937257
   1.3265403262   -0.6411252793   -3.8486521786
   1.7606218261   -3.2726964221   -0.1756521783
   2.5572016944   -2.5824560370   -0.1756521783
   1.2438995540   -3.7153764514   -1.2556521783
   2.2105601776   -3.3487704337   -1.2556521783
   0.7173240716   -3.4226999933   -2.3356521783
   1.7606218261   -3.2726964221   -2.3356521783
   0.4435403246   -2.5064327195   -3.1262670505
   1.5235403246   -2.5064327195   -3.1262670505
   1.1368995535    4.0641259001   -1.1646521779
   0.1105937682    3.9395098162   -1.1646521779
  -0.7402428919    3.3522196738   -1.1646521779
   1.6536218256    3.6214458707   -2.2446521779
   0.6103240712    3.7714494420   -2.2446521779
  -0.3484519039    3.3335911254   -2.2446521779
  -0.9183015020    2.4468878428   -2.2446521779
   1.9565403242    1.9198747320   -3.0352670501
   1.4165403242    2.8551821681   -3.0352670501
   0.3365403242    2.8551821681   -3.0352670501
  -0.2034596758    1.9198747320   -3.0352670501
   0.3365403242    0.9845672959   -3.0352670501
   0.8765403242    1.9198747320   -3.3246521779
   0.8535403241    2.1488747330    3.4343478312
   1.9469273467    2.1488747330    3.1847893784
   1.4002338354    3.0957756707    3.1847893784
   0.3068468128    3.0957756707    3.1847893784
  -0.2398466985    2.1488747330    3.1847893784
   0.3068468128    1.2019737953    3.1847893784
   1.4002338354    1.2019737953    3.1847893784
   2.8237556599    2.1488747330    2.4855421319
   2.5109909358    3.2140535627    2.4855421319
   1.6719973534    3.9410456402    2.4855421319
   0.5731494472    4.0990361175    2.4855421319
  -0.4366763368    3.6378641344    2.4855421319
   1.4002338354    4.5440955066    1.4751005848
   0.3068468128    4.5440955066    1.4751005848
   1.4002338354    4.5440955066    0.3535950777
   0.3068468128    4.5440955066    0.3535950777
   0.5731494472    4.0990361175   -0.6568464694
  -0.4366763368    3.6378641344   -0.6568464694
  -1.2954519081    3.5405911263    1.9463478310
  -0.8364062360    4.1465098171    0.8663478310
  -1.6872428960    3.5592196747    0.8663478310
  -1.2954519081    3.5405911263   -0.2136521690
   5.3210150705    1.4308747298    0.8245930937
   3.8597856001   -1.0636000079   -0.2086521737
   4.7357286420   -0.4783135794   -0.2086521737
   5.3210150705    0.3976294625   -0.2086521737
   5.3210150705    1.4308747298   -1.2418974411
   3.1225403341    0.9248747276    2.8233478301
   4.2025403341    0.9248747276    2.5339627023
   3.6625403341    1.8601821637    2.5339627023
   2.5825403341   -0.0104327085    2.5339627023
   3.6625403341   -0.0104327085    2.5339627023
   4.9931552062    0.9248747276    1.7433478301
   4.6962017038    1.9362054813    1.7433478301
   3.8996218355   -0.7766964111    1.7433478301
   4.6962017038   -0.0864560260    1.7433478301
   3.3828995634   -1.2193764404    0.6633478301
   4.3495601870   -0.8527704227    0.6633478301
   5.0351253495   -0.0789273240    0.6633478301
   4.3475601870   -0.8617704227   -1.0966521776
   5.0331253495   -0.0879273240   -1.0966521776
   4.9911552062    0.9158747276   -2.1766521776
   4.6942017038    1.9272054812   -2.1766521776
   3.8976218355   -0.7856964111   -2.1766521776
   4.6942017038   -0.0954560261   -2.1766521776
   4.2005403341    0.9158747276   -2.9672670498
   3.6605403341    1.8511821637   -2.9672670498
   2.5805403341    1.8511821637   -2.9672670498
   3.6605403341   -0.0194327085   -2.9672670498
   3.1205403341    0.9158747276   -3.2566521776
   3.2425403346    2.8618747362    2.3113478263
   4.3359273572    2.8618747362    2.0617893734
   3.7892338459    3.8087756739    2.0617893734
   2.6958468233    3.8087756739    2.0617893734
   4.0609973639    4.6540456434    1.3625421270
   2.9621494577    4.8120361207    1.3625421270
   3.7892338459    5.2570955097    0.3521005799
   2.6958468233    5.2570955097    0.3521005799
   1.7107391554    4.7826926600    0.3521005799
   3.7892338459    5.2570955097   -0.7694049273
   2.6958468233    5.2570955097   -0.7694049273
   1.7107391554    4.7826926600   -0.7694049273
   4.0609973639    4.6540456434   -1.7798464744
   2.9621494577    4.8120361207   -1.7798464744
   1.9523236737    4.3508641376   -1.7798464744
   4.3359273572    2.8618747362   -2.4790937208
   3.7892338459    3.8087756739   -2.4790937208
   2.6958468233    3.8087756739   -2.4790937208
   3.2425403346    2.8618747362   -2.7286521737
   5.2715403388    3.0088747368    1.6619626985
   4.7315403388    3.9441821729    1.6619626985
   6.0621552109    3.0088747368    0.8713478263
   5.7652017086    4.0202054904    0.8713478263
   4.9686218402    4.7104458755    0.8713478263
   5.7652017086    1.9975439832    0.8713478263
   6.3515403388    3.0088747368   -0.2086521737
   6.1041253542    4.0126767884   -0.2086521737
   5.4185601917    4.7865198871   -0.2086521737
   4.4518995681    5.1531259048   -0.2086521737
   6.1041253542    2.0050726852   -0.2086521737
   6.0621552109    3.0088747368   -1.2886521737
   5.7652017086    4.0202054904   -1.2886521737
   4.9686218402    4.7104458755   -1.2886521737
   5.7652017086    1.9975439832   -1.2886521737
   5.2715403388    3.0088747368   -2.0792670459
   4.7315403388    3.9441821729   -2.0792670459
  -5.3263609731    0.0821781434    0.3122923593
  -5.3263609731    0.0821781434   -0.7295967067
  -2.3014294771   -2.3617196811   -3.0277300361
  -3.1054596934   -0.9431252806    3.1093478303
  -3.6261201803   -0.0413148637    2.8716731133
  -4.1467806672   -0.9431252806    2.8716731133
  -3.6261201803   -1.8449356975    2.8716731133
  -4.3342374656    0.4749598636    2.2057233548
  -4.9058480469   -0.4144835624    2.2057233548
  -4.9058480469   -1.4717669988    2.2057233548
  -4.5643179593    0.8862251231    1.2433980718
  -5.2135709669    0.0720876024    1.2433980718
  -5.4452866826   -0.9431252806    1.2433980718
  -4.6443179596    0.8802251231   -0.5816019362
  -3.7061201806    1.3320373609   -1.6497024192
  -4.6443179596    0.8802251231   -1.6497024192
  -5.2935709673    0.0660876023   -1.6497024192
  -5.5252866829   -0.9491252806   -1.6497024192
  -3.4524986241    0.9081712761   -2.6120277022
  -4.4142374659    0.4689598636   -2.6120277022
  -4.9858480473   -0.4204835624   -2.6120277022
  -4.9858480473   -1.4777669988   -2.6120277022
  -2.1441387198   -0.9491252806   -3.2779774607
  -2.6647992068   -0.0473148638   -3.2779774607
  -3.7061201806   -0.0473148638   -3.2779774607
  -4.2267806676   -0.9491252806   -3.2779774607
  -3.7061201806   -1.8509356975   -3.2779774607
  -2.6647992068   -1.8509356975   -3.2779774607
  -3.1854596937   -0.9491252806   -3.5156521777
  -3.3504596944   -2.7991252888    2.5913478263
  -4.4219733051   -2.7991252888    2.3782105173
  -3.8862164997   -3.7270832961    2.3782105173
  -2.8147028891   -3.7270832961    2.3782105173
  -4.3404091881   -4.5137681087    1.7712468136
  -3.3504596944   -4.7790242761    1.7712468136
  -2.3605102008   -4.5137681087    1.7712468136
  -4.6438910400   -5.0394140953    0.8628614369
  -3.6208604762   -5.3718168753    0.8628614369
  -2.5510751608   -5.2593779078    0.8628614369
  -4.1167160666   -5.4922370897   -0.2086521737
  -3.0921082879   -5.5871809824   -0.2086521737
  -2.1023922983   -5.3055825046   -0.2086521737
  -1.2812347262   -4.6854730910   -0.2086521737
  -4.6438910400   -5.0394140953   -1.2801657843
  -3.6208604762   -5.3718168753   -1.2801657843
  -2.5510751608   -5.2593779078   -1.2801657843
  -1.6195106934   -4.7215389118   -1.2801657843
  -4.3404091881   -4.5137681087   -2.1885511610
  -3.3504596944   -4.7790242761   -2.1885511610
  -2.3605102008   -4.5137681087   -2.1885511610
  -4.4219733051   -2.7991252888   -2.7955148647
  -3.8862164997   -3.7270832961   -2.7955148647
  -2.8147028891   -3.7270832961   -2.7955148647
  -3.3504596944   -2.7991252888   -3.0086521737
  -5.3367806725   -2.7651252886    1.9536731093
  -5.5242374708   -1.3470401444    1.2877233508
  -6.0958480521   -2.2364835704    1.2877233508
  -6.0958480521   -3.2937670068    1.2877233508
  -5.5242374708   -4.1832104328    1.2877233508
  -5.7543179645   -0.9357748849    0.3253980678
  -6.4035709722   -1.7499124056    0.3253980678
  -6.6352866878   -2.7651252886    0.3253980678
  -6.4035709722   -3.7803381716    0.3253980678
  -5.7543179645   -4.5944756923    0.3253980678
  -5.7543179645   -0.9357748849   -0.7427024152
  -6.4035709722   -1.7499124056   -0.7427024152
  -6.6352866878   -2.7651252886   -0.7427024152
  -6.4035709722   -3.7803381716   -0.7427024152
  -5.7543179645   -4.5944756923   -0.7427024152
  -5.5242374708   -1.3470401444   -1.7050276982
  -6.0958480521   -2.2364835704   -1.7050276982
  -6.0958480521   -3.2937670068   -1.7050276982
  -5.5242374708   -4.1832104328   -1.7050276982
  -5.3367806725   -2.7651252886   -2.3709774567
  -0.9818598979   -4.4149454932   -0.7295967067
  -1.4121201705   -4.2782879267   -1.6507024192
  -0.3707991967   -4.2782879267   -1.6507024192
  -1.1584986140   -3.8544218419   -2.6130277022
  -0.1119767985   -3.7039547207   -2.6130277022
  -1.4121201705   -1.0953148684   -3.2789774607
  -1.9327806575   -1.9971252852   -3.2789774607
  -1.4121201705   -2.8989357021   -3.2789774607
  -0.3707991967   -2.8989357021   -3.2789774607
  -0.8914596836   -1.9971252852   -3.5166521777
   0.2900539275   -2.1441252859    3.5402105224
  -1.3172164884   -3.0720832932    3.5402105224
  -0.2457028778   -3.0720832932    3.5402105224
   1.1984393042   -2.1441252859    2.9332468187
  -2.4961025031   -3.1340747796    2.9332468187
  -1.7714091768   -3.8587681058    2.9332468187
  -0.7814596831   -4.1240242732    2.9332468187
   0.2084898105   -3.8587681058    2.9332468187
   0.9331831368   -3.1340747796    2.9332468187
  -2.0748910286   -4.3844140924    2.0248614420
  -1.0518604649   -4.7168168724    2.0248614420
   0.0179248505   -4.6043779050    2.0248614420
   0.9494893179   -4.0665389090    2.0248614420
   1.5817569778   -3.1962971329    2.0248614420
  -1.5477160553   -4.8372370868    0.9533478314
  -0.5231082766   -4.9321809795    0.9533478314
   0.4666077131   -4.6505825017    0.9533478314
   1.2877652851   -4.0304730881    0.9533478314
   1.8294625592   -3.1556019512    0.9533478314
  -1.0518604649   -4.7168168724   -0.1181657792
   0.0179248505   -4.6043779050   -0.1181657792
   0.9494893179   -4.0665389090   -0.1181657792
  -1.1764596849   -1.5851252834    4.0363478344
  -0.1351387110   -1.5851252834    3.7986731174
  -0.6557991979   -0.6833148666    3.7986731174
  -1.6971201718   -0.6833148666    3.7986731174
  -2.2177806587   -1.5851252834    3.7986731174
  -1.6971201718   -2.4869357003    3.7986731174
  -0.6557991979   -2.4869357003    3.7986731174
   0.4020647072   -0.5706692551    3.1327233589
  -2.9768480384   -1.0564835653    3.1327233589
  -2.9768480384   -2.1137670016    3.1327233589
  -2.4052374571   -3.0032104277    3.1327233589
  -1.6911201718    2.7590373671   -1.7287024195
  -2.6293179507    2.3072251294   -1.7287024195
  -3.2785709584    1.4930876086   -1.7287024195
  -1.4374986152    2.3351712823   -2.6910277025
  -2.3992374571    1.8959598699   -2.6910277025
  -2.9708480384    1.0065164438   -2.6910277025
  -0.6497991979    1.3796851425   -3.3569774610
  -1.6911201718    1.3796851425   -3.3569774610
  -2.2117806587    0.4778747257   -3.3569774610
  -1.6911201718   -0.4239356912   -3.3569774610
  -0.6497991979   -0.4239356912   -3.3569774610
  -1.1704596848    0.4778747257   -3.5946521780
  -1.2034596850    0.6738747265    3.7453478314
  -0.1319460744    0.6738747265    3.5322105224
  -0.6677028797    1.6018327338    3.5322105224
  -1.7392164903    1.6018327338    3.5322105224
  -2.2749732956    0.6738747265    3.5322105224
  -1.2034596850    2.6537737138    2.9252468187
  -2.1934091786    2.3885175465    2.9252468187
  -2.9181025049    1.6638242202    2.9252468187
  -2.4968910305    2.9141635331    2.0168614420
  -2.8908366668    2.9083229629    0.9453478314
  -2.4968910305    2.9141635331   -0.1261657792
  -3.2217806632    0.5908747262    2.9576731137
  -3.4092374615    2.0089598704    2.2917233552
  -3.9808480428    1.1195164443    2.2917233552
  -3.6393179552    2.4202251299    1.3293980722
  -4.2885709629    1.6060876091    1.3293980722
  -3.6393179552    2.4202251299    0.2612975892
  -4.2885709629    1.6060876091    0.2612975892
  -3.4092374615    2.0089598704   -0.7010276937
   1.2385403258   -0.4981252786    3.0613478301
   2.2798612997   -0.4981252786    2.8236731131
   1.7592008127   -1.3999356955    2.8236731131
   2.0180232109   -2.2049547141    2.1577233546
   2.8170647179   -1.5125813069    2.1577233546
   2.6973985917   -2.3274756824    1.1953980716
   3.3466515994   -1.5133381616    1.1953980716
   3.0574893272   -2.5635389023   -0.2571385680
   3.6897569871   -1.6932971263   -0.2571385680
   3.3957652944   -2.5274730815   -1.3286521786
   3.9374625685   -1.6526019446   -1.3286521786
   3.0574893272   -2.5635389023   -2.4001657893
   3.6897569871   -1.6932971263   -2.4001657893
   3.3064393135   -0.6411252793   -3.3085511660
  -0.6533586612   -0.6411252793   -3.3085511660
   2.3164898198   -2.3557680992   -3.3085511660
   3.0411831461   -1.6310747729   -3.3085511660
   2.3980539368   -0.6411252793   -3.9155148697
   1.8622971315    0.2868327280   -3.9155148697
   0.7907835208    0.2868327280   -3.9155148697
   0.2550267155   -0.6411252793   -3.9155148697
   0.7907835208   -1.5690832866   -3.9155148697
   1.8622971315   -1.5690832866   -3.9155148697
   1.3265403262   -0.6411252793   -4.1286521786
   1.7630232097   -3.2779547188    0.2407233462
   1.5042008116   -3.8522879249   -0.7216019368
   2.4423985906   -3.4004756871   -0.7216019368
   1.5042008116   -3.8522879249   -1.7897024198
   2.4423985906   -3.4004756871   -1.7897024198
   0.7165013943   -3.4284218401   -2.7520277028
   1.7630232097   -3.2779547188   -2.7520277028
   0.4628798377   -2.4729357002   -3.4179774613
   0.3558798372    4.2010373735   -1.6987024194
  -0.5823179417    3.7492251357   -1.6987024194
  -1.2315709494    2.9350876150   -1.6987024194
   1.6560232093    3.6267041674   -2.6610277024
   0.6095013938    3.7771712887   -2.6610277024
  -0.3522374481    3.3379598762   -2.6610277024
  -0.9238480294    2.4485164502   -2.6610277024
   1.9178612981    1.9198747320   -3.3269774609
   1.3972008111    2.8216851489   -3.3269774609
   0.3558798372    2.8216851489   -3.3269774609
  -0.1647806497    1.9198747320   -3.3269774609
   0.8765403242    1.9198747320   -3.5646521779
   0.8535403241    2.1488747330    3.7143478312
   1.9250539347    2.1488747330    3.5012105223
   1.3892971294    3.0768327403    3.5012105223
   0.3177835188    3.0768327403    3.5012105223
  -0.2179732865    2.1488747330    3.5012105223
   0.3177835188    1.2209167257    3.5012105223
   1.3892971294    1.2209167257    3.5012105223
   2.8334393114    2.1488747330    2.8942468186
   2.5681831440    3.1388242267    2.8942468186
   1.8434898177    3.8635175530    2.8942468186
   0.8535403241    4.1287737203    2.8942468186
  -0.1364091696    3.8635175530    2.8942468186
  -0.8611024959    3.1388242267    2.8942468186
   1.8434898177    0.4342319131    2.8942468186
   1.6529248577    4.6091273521    1.9858614419
   0.5831395423    4.7215663196    1.9858614419
  -0.4398910214    4.3891635395    1.9858614419
   1.1118917306    4.9369304266    0.9143478312
   0.0872839519    4.8419865339    0.9143478312
   0.5831395423    4.7215663196   -0.1571657794
  -0.4398910214    4.3891635395   -0.1571657794
  -1.2992374522    3.5449598771    2.3627233555
  -1.5293179459    3.9562251366    1.4003980725
  -1.5293179459    3.9562251366    0.3322975895
  -1.2992374522    3.5449598771   -0.6300276934
   3.3395705478    2.3194691280    2.6104256887
   5.4246165441    1.4308747298    1.2913478263
   5.0098854664   -0.5595073493    0.3122923593
   5.5814579757    0.3636139491    0.3122923593
   5.0098854664   -0.5595073493   -0.7295967067
   5.5814579757    0.3636139491   -0.7295967067
   5.4246165441    1.4308747298   -1.7086521737
   3.1225403341    0.9248747276    3.0633478301
   4.1638613079    0.9248747276    2.8256731131
   3.6432008210    1.8266851445    2.8256731131
   2.6018798471    0.0230643107    2.8256731131
   3.6432008210    0.0230643107    2.8256731131
   4.9989358920    0.9248747276    2.1597233546
   4.7010647262    1.9393307559    2.1597233546
   3.9020232192   -0.7819547078    2.1597233546
   4.7010647262   -0.0895813007    2.1597233546
   5.4623673233    0.9248747276    1.1973980716
   3.6432008210   -1.3562879139    1.1973980716
   4.5813986000   -0.9044756761    1.1973980716
   5.2306516076   -0.0903381554    1.1973980716
   5.4603673233    0.9158747276   -1.6307024191
   4.5793986000   -0.9134756761   -1.6307024191
   5.2286516076   -0.0993381554   -1.6307024191
   4.9969358920    0.9158747276   -2.5930277021
   4.6990647261    1.9303307559   -2.5930277021
   3.9000232191   -0.7909547078   -2.5930277021
   4.6990647261   -0.0985813007   -2.5930277021
   4.1618613079    0.9158747276   -3.2589774606
   3.6412008210    1.8176851445   -3.2589774606
   2.5998798471    1.8176851445   -3.2589774606
   3.6412008210    0.0140643107   -3.2589774606
   3.1205403341    0.9158747276   -3.4966521776
   3.2425403346    2.8618747362    2.5913478263
   4.3140539452    2.8618747362    2.3782105173
   3.7782971399    3.7898327435    2.3782105173
   2.7067835293    3.7898327435    2.3782105173
   4.2324898283    4.5765175561    1.7712468136
   3.2425403346    4.8417737235    1.7712468136
   2.2525908409    4.5765175561    1.7712468136
   4.0419248682    5.3221273552    0.8628614369
   2.9721395528    5.4345663227    0.8628614369
   1.9491089891    5.1021635427    0.8628614369
   3.5008917411    5.6499304298   -0.2086521737
   2.4762839624    5.5549865370   -0.2086521737
   1.5551633527    5.0963229725   -0.2086521737
   4.0419248682    5.3221273552   -1.2801657843
   2.9721395528    5.4345663227   -1.2801657843
   1.9491089891    5.1021635427   -1.2801657843
   1.1497244554    4.3823944756   -1.2801657843
   4.2324898283    4.5765175561   -2.1885511610
   3.2425403346    4.8417737235   -2.1885511610
   2.2525908409    4.5765175561   -2.1885511610
   4.3140539452    2.8618747362   -2.7955148647
   3.7782971399    3.7898327435   -2.7955148647
   2.7067835293    3.7898327435   -2.7955148647
   3.2425403346    2.8618747362   -3.0086521737
   5.2328613127    3.0088747368    1.9536731093
   4.7122008257    3.9106851537    1.9536731093
   6.0679358967    3.0088747368    1.2877233508
   5.7700647309    4.0233307651    1.2877233508
   4.9710232239    4.7157041722    1.2877233508
   5.7700647309    1.9944187085    1.2877233508
   6.5313673280    3.0088747368    0.3253980678
   6.2996516124    4.0240876198    0.3253980678
   5.6503986047    4.8382251405    0.3253980678
   4.7122008257    5.2900373783    0.3253980678
   6.2996516124    1.9936618538    0.3253980678
   6.5313673280    3.0088747368   -0.7427024152
   6.2996516124    4.0240876198   -0.7427024152
   5.6503986047    4.8382251405   -0.7427024152
   4.7122008257    5.2900373783   -0.7427024152
   6.2996516124    1.9936618538   -0.7427024152
   6.0679358967    3.0088747368   -1.7050276982
   5.7700647309    4.0233307651   -1.7050276982
   4.9710232239    4.7157041722   -1.7050276982
   5.7700647309    1.9944187085   -1.7050276982
   5.2328613127    3.0088747368   -2.3709774567
   4.7122008257    3.9106851537   -2.3709774567
