    0.0699921498
    0.0486421197
    0.0539893938
    0.0175408645
    0.0428849370
    0.0440648499
    0.0319396511
    0.0347515938
    0.0623152578
    0.0442464552
    0.0430320508
    0.0635523211
    0.0483258871
    0.0513257333
    0.0459205562
    0.0481155193
    0.0412761142
    0.0392952245
    0.0427050603
    0.0365463366
    0.0381222502
    0.0351439129
    0.0290462104
    0.0229800887
    0.0312029952
   -0.0094094494
    0.0143588755
   -0.0164549407
   -0.0396484820
   -0.0192529848
   -0.0451853671
   -0.0602014433
    0.0005559104
   -0.0316339645
   -0.0457895867
   -0.0407483208
   -0.0157074315
   -0.0361070187
   -0.0281873040
   -0.0007978193
    0.0161919210
   -0.0114832977
   -0.0252562360
   -0.0047466415
    0.0440640550
    0.0302329560
    0.0573007372
    0.0538424085
    0.0452498419
    0.0260871987
    0.0570964564
    0.0539321065
    0.0455807540
    0.0268158178
    0.0444037689
    0.0315539137
   -0.0043785744
    0.0254631901
   -0.0009944609
    0.0154495932
    0.0262607628
    0.0344720161
    0.0209859167
    0.0269127599
    0.0283246484
   -0.0113755644
   -0.0090166072
   -0.0199971450
   -0.0268960845
   -0.0247097796
   -0.0403021932
   -0.0403568798
   -0.0359854446
   -0.0571527264
   -0.0478203460
   -0.0400776932
   -0.0318011800
   -0.0385232787
   -0.0240373088
   -0.0049331619
    0.0249137910
    0.0090015099
    0.0177300382
    0.0377012091
    0.0244385528
    0.0050392041
   -0.0016527303
    0.0257225725
    0.0302577620
    0.0363096830
    0.0207577399
    0.0300150574
    0.0425681904
    0.0041953534
    0.0187992938
    0.0301937681
    0.0357075059
    0.0242035956
    0.0223126345
   -0.0155509773
   -0.0328333234
   -0.0286160664
   -0.0071964913
    0.0132745840
    0.0176167750
   -0.0046597668
    0.0008054559
    0.0201415897
    0.0241791723
    0.0388659670
    0.0532428099
    0.0394182090
    0.0580414384
    0.0476446804
    0.0643925554
    0.0629632585
   -0.0058884980
    0.0014631472
   -0.0207474823
   -0.0175132045
   -0.0042850363
   -0.0095007386
    0.0039481823
    0.0009471423
   -0.0092905360
   -0.0212555955
   -0.0320539936
   -0.0211514359
    0.0156039684
   -0.0199362581
   -0.0335022403
   -0.0362892816
   -0.0296697511
   -0.0151469053
   -0.0015454640
   -0.0151984664
   -0.0288278746
    0.0121369587
    0.0271803223
    0.0147759588
    0.0325140501
    0.0140157748
    0.0334382389
    0.0224461585
   -0.0512513486
   -0.0139016046
   -0.0274156540
   -0.0053947236
    0.0131710054
   -0.0139515918
   -0.0123030549
    0.0030821813
    0.0053324579
   -0.0199697744
   -0.0048169602
   -0.0550660813
   -0.0633480496
   -0.0652239890
   -0.0450184231
   -0.0336283806
   -0.0471518778
   -0.0533056143
   -0.0576703720
   -0.0818739966
   -0.0734210710
   -0.0464690069
   -0.0970352318
   -0.0660006960
   -0.0288487844
   -0.0786012222
   -0.0394896492
   -0.0074326638
   -0.0013932683
    0.0103732824
    0.0049574301
    0.0213699165
    0.0205058509
    0.0164219421
   -0.0051656220
   -0.0003270344
    0.0035601207
   -0.0260957802
   -0.0116532975
   -0.0030353967
   -0.0248075105
   -0.0068938768
    0.0014967012
    0.0031026644
   -0.0039837238
    0.0058367018
    0.0036708485
    0.0012736826
    0.0018219020
   -0.0100898347
   -0.0003922451
    0.0026536756
   -0.0012709389
   -0.0216628022
   -0.0021548956
   -0.0027814130
   -0.0132631660
   -0.0137142040
   -0.0133849747
   -0.0105009548
   -0.0587333771
   -0.0229980942
   -0.0467690158
   -0.0791850000
   -0.0385134107
   -0.0715532869
   -0.0988285245
   -0.0501654451
   -0.0719625962
   -0.0787670788
   -0.0331558272
   -0.0601439330
   -0.0634728580
   -0.0163036655
   -0.0365668122
   -0.0555134872
   -0.0433833437
   -0.0401442108
    0.0097538183
   -0.0114649750
   -0.0011540138
    0.0239111501
    0.0161864854
   -0.0072962207
    0.0208871259
    0.0246679463
    0.0172343531
   -0.0055158374
    0.0214131070
    0.0125472982
   -0.0067678764
    0.0016697799
    0.0366576302
    0.0407371335
    0.0328790427
    0.0253858275
    0.0415478478
    0.0362584710
    0.0301081397
    0.0433249449
    0.0452390344
    0.0500987365
    0.0414385074
    0.0383299475
    0.0435846102
    0.0358670394
    0.0336475223
    0.0337340212
    0.0305786029
    0.0303830556
    0.0322399334
    0.0307672627
    0.0283196707
    0.0219095626
    0.0224043529
    0.0268563059
   -0.0019928231
    0.0121659750
   -0.0098852502
   -0.0266503143
   -0.0146206680
   -0.0343989887
   -0.0088945942
   -0.0289804692
   -0.0399638846
   -0.0074737713
   -0.0259557228
   -0.0318257779
   -0.0102792338
   -0.0234707816
   -0.0156081861
    0.0043238203
    0.0139743700
   -0.0048656499
   -0.0132248075
    0.0019960119
    0.0356216466
    0.0305667890
    0.0138605799
    0.0450126695
    0.0396837262
    0.0295818321
    0.0108397829
    0.0507986915
    0.0472549040
    0.0426044888
    0.0345360198
    0.0207311932
    0.0449399900
    0.0400301251
    0.0303475917
    0.0124299493
    0.0357210349
    0.0314068166
    0.0159639592
   -0.0029560132
    0.0135804631
    0.0056707383
    0.0174838280
    0.0179910952
    0.0280409869
    0.0235484829
    0.0176079268
    0.0234472008
    0.0228235602
   -0.0064827134
   -0.0037456199
   -0.0126215220
   -0.0178107824
   -0.0118280541
   -0.0262540060
   -0.0281172523
   -0.0250722239
   -0.0404277797
   -0.0361284833
   -0.0314174404
   -0.0256644614
   -0.0449794568
   -0.0322703082
   -0.0232643989
   -0.0121809604
   -0.0088671189
    0.0176108167
    0.0064436944
    0.0112040746
    0.0234294120
    0.0263098505
    0.0127039605
    0.0040043004
   -0.0031647068
    0.0412836218
    0.0340698046
    0.0106725346
    0.0202061039
    0.0290020974
    0.0429196311
    0.0216781540
    0.0307839319
    0.0026058254
    0.0128639207
    0.0216721681
    0.0283727576
    0.0277592402
    0.0146983631
    0.0180961727
   -0.0096902800
   -0.0247876164
   -0.0230005431
   -0.0053884984
    0.0103987036
    0.0153260360
   -0.0016745008
   -0.0012201398
    0.0189343934
   -0.0086300969
    0.0106025060
    0.0194534095
    0.0256990481
    0.0368594313
    0.0413370974
    0.0228141950
    0.0396370415
    0.0505651867
    0.0359735786
    0.0485879189
    0.0372891306
    0.0506420487
   -0.0082702162
   -0.0032014204
   -0.0180696763
   -0.0254345836
   -0.0060588862
   -0.0047025480
   -0.0085544823
    0.0009245361
    0.0011312075
    0.0018398069
   -0.0022868503
   -0.0128556352
   -0.0166641188
   -0.0239373614
   -0.0211787784
    0.0110581025
   -0.0149911383
   -0.0243711123
   -0.0265862404
   -0.0205709091
   -0.0095112498
   -0.0025022611
   -0.0121591199
   -0.0200526438
    0.0017523993
    0.0126867294
    0.0074218909
    0.0236348648
    0.0174876312
    0.0034880219
    0.0300591702
    0.0210553672
    0.0059049017
    0.0160711505
    0.0218548267
    0.0110124810
   -0.0322703684
   -0.0097390033
    0.0103531191
   -0.0255414873
   -0.0096474399
    0.0046688047
   -0.0139136462
   -0.0128439562
   -0.0030846703
    0.0046382832
   -0.0051814326
   -0.0183620167
   -0.0060732630
   -0.0439594674
   -0.0502075986
   -0.0516848133
   -0.0383248377
   -0.0308935578
   -0.0379785586
   -0.0423269083
   -0.0489800539
   -0.0635800692
   -0.0577607069
   -0.0388790516
   -0.0263840708
   -0.0798066642
   -0.0589337137
   -0.0349076510
   -0.0615027906
   -0.0327013800
   -0.0297168150
   -0.0178634211
   -0.0151898307
    0.0022407729
   -0.0010716076
    0.0134688978
   -0.0057062587
    0.0157681572
    0.0123113341
    0.0124913294
   -0.0139801009
   -0.0061024803
   -0.0201730767
   -0.0389008727
   -0.0280937798
   -0.0058102781
   -0.0024689339
   -0.0001955872
   -0.0074425466
    0.0022538113
    0.0011750957
    0.0052709191
    0.0037625072
    0.0013421403
    0.0019749007
    0.0048188352
   -0.0071063421
   -0.0005005641
   -0.0001721846
   -0.0037647939
   -0.0158061794
   -0.0035760259
   -0.0053068891
   -0.0110458680
   -0.0149731818
   -0.0212733379
   -0.0110900831
   -0.0118708355
   -0.0493367521
   -0.0234598004
   -0.0404249227
   -0.0654313943
   -0.0355612972
   -0.0604398723
   -0.0373706726
   -0.0572919112
   -0.0720631743
   -0.0346442298
   -0.0518806960
   -0.0575492403
   -0.0286120297
   -0.0462012027
   -0.0474232443
   -0.0157650549
   -0.0292326646
   -0.0412741376
   -0.0336173655
   -0.0303793927
    0.0012204844
   -0.0111331636
   -0.0039873026
    0.0142326106
    0.0084153303
   -0.0074759009
    0.0128714651
    0.0185520363
    0.0143719311
    0.0034611023
   -0.0174329910
    0.0176136680
    0.0155745051
    0.0101866051
   -0.0047248751
    0.0138997399
    0.0046397763
   -0.0061870252
   -0.0004787950
    0.0412838762
    0.0403762594
    0.0314414893
    0.0350165088
    0.0289055048
    0.0216462408
    0.0404393233
    0.0341143112
    0.0318905068
    0.0421040842
    0.0393795256
    0.0401674986
    0.0356709693
    0.0369395733
    0.0330773317
    0.0307446660
    0.0303244105
    0.0308883189
    0.0267260939
    0.0284255985
    0.0272290633
    0.0251664102
    0.0191473746
    0.0195072700
    0.0235648708
    0.0025219982
    0.0132269045
   -0.0054927102
   -0.0200368101
    0.0038235083
   -0.0156520597
   -0.0299433837
   -0.0116743893
   -0.0252290090
   -0.0339646668
   -0.0100066720
   -0.0216389597
   -0.0242507448
    0.0063766279
   -0.0103757467
   -0.0167798535
    0.0148164650
   -0.0007109249
   -0.0070351162
    0.0058317030
    0.0321309412
    0.0260559499
    0.0112136416
    0.0409139335
    0.0362790142
    0.0299637068
    0.0193808702
    0.0422581996
    0.0383230107
    0.0329816366
    0.0245604755
    0.0111811540
    0.0404762425
    0.0364223708
    0.0304779255
    0.0203852739
    0.0268614871
    0.0133798963
   -0.0026882247
    0.0124697187
    0.0053445141
    0.0159808966
    0.0244942250
    0.0205074363
    0.0142511072
    0.0189669953
    0.0187709371
   -0.0057452201
   -0.0030872014
   -0.0102884149
   -0.0135215378
   -0.0153985698
   -0.0219685596
   -0.0221452002
   -0.0192631433
   -0.0318692078
   -0.0279395601
   -0.0238063686
   -0.0186443216
   -0.0338703649
   -0.0238754650
   -0.0158906097
   -0.0059279064
   -0.0023713513
    0.0127077891
    0.0028405976
    0.0061115206
    0.0178512741
    0.0210115141
    0.0088641345
    0.0011427099
   -0.0062783330
    0.0198297761
   -0.0004002186
    0.0225074345
    0.0342916991
    0.0161571429
    0.0242963411
    0.0328516734
    0.0097175675
    0.0185464488
    0.0252767956
    0.0246406965
    0.0117296520
    0.0150894192
   -0.0062740286
   -0.0207958803
   -0.0199645021
   -0.0033197292
    0.0110650323
   -0.0045102933
    0.0101537251
    0.0193129746
    0.0312235747
    0.0286448416
    0.0391787476
    0.0263315042
    0.0375114300
    0.0461970974
    0.0395244877
    0.0487382886
   -0.0093765246
   -0.0050699963
   -0.0208745020
   -0.0059849853
   -0.0071901965
   -0.0003772642
   -0.0000904913
    0.0004232261
   -0.0016456520
    0.0008578445
   -0.0091421562
   -0.0006730983
   -0.0124866696
   -0.0177895282
    0.0019972007
   -0.0121181399
   -0.0183384105
   -0.0200222327
   -0.0139824809
   -0.0042608272
    0.0000356488
   -0.0085583119
   -0.0142004679
    0.0066525357
    0.0032723541
    0.0158874337
    0.0111157396
    0.0212244760
    0.0140567004
    0.0173684397
    0.0077617261
   -0.0384820251
   -0.0163182996
    0.0028874232
   -0.0284466213
   -0.0139254143
   -0.0006486650
    0.0118032960
   -0.0140049178
   -0.0129544366
   -0.0034940424
    0.0043497671
   -0.0055707168
   -0.0064107213
   -0.0357772148
   -0.0408529392
   -0.0427789794
   -0.0318799863
   -0.0254990282
   -0.0302829442
   -0.0335450476
   -0.0402043841
   -0.0530073570
   -0.0503968674
   -0.0375766363
   -0.0203811467
   -0.0537692614
   -0.0354130987
   -0.0590871930
   -0.0344430860
   -0.0333781561
   -0.0063643877
   -0.0033003795
   -0.0093024399
    0.0073821068
    0.0073395687
    0.0071084754
   -0.0043687966
   -0.0007815872
    0.0031080604
    0.0076670467
   -0.0150025053
   -0.0070301565
   -0.0206223085
   -0.0074047953
   -0.0038753443
   -0.0008801685
   -0.0058890572
    0.0004483027
   -0.0000622151
    0.0009164604
    0.0002313610
    0.0013765284
   -0.0055582759
   -0.0004524091
   -0.0006351825
   -0.0025190136
   -0.0118413159
   -0.0035678083
   -0.0058495065
   -0.0112442102
   -0.0150428441
   -0.0112022259
   -0.0120512207
   -0.0424162138
   -0.0198128597
   -0.0339949361
   -0.0561244422
   -0.0260356920
   -0.0455452860
   -0.0272910421
   -0.0437962635
   -0.0560019475
   -0.0249587469
   -0.0396269408
   -0.0466339188
   -0.0199694546
   -0.0345798265
   -0.0393364379
   -0.0123747208
   -0.0231439709
   -0.0325572446
   -0.0238753956
   -0.0015252314
   -0.0125858969
    0.0097798425
    0.0052433158
   -0.0061973514
    0.0092757064
    0.0135873311
    0.0102166165
    0.0020256762
   -0.0129223936
    0.0132320666
    0.0111222314
    0.0069767388
   -0.0036418627
    0.0103084793
    0.0019606054
   -0.0074644979
    0.0362375185
    0.0348119480
    0.0149654132
    0.0269411798
    0.0292918169
    0.0253739192
    0.0199929367
    0.0339635472
    0.0296026210
    0.0266458928
    0.0396191244
    0.0341615814
    0.0349697304
    0.0377188880
    0.0336825623
    0.0308469801
    0.0303801119
    0.0333129591
    0.0280796270
    0.0266824411
    0.0262341371
    0.0255441135
    0.0227348778
    0.0243452860
    0.0238311401
    0.0221558721
    0.0176354153
    0.0177860844
    0.0208911830
    0.0051439182
    0.0119659461
   -0.0024311510
   -0.0130708547
   -0.0022465637
   -0.0147680647
   -0.0251763078
    0.0004860605
   -0.0128478146
   -0.0227932870
   -0.0063807318
   -0.0162989962
   -0.0222034289
   -0.0246480165
    0.0022960139
   -0.0095461319
   -0.0158613069
   -0.0147715255
    0.0012597647
   -0.0078898322
   -0.0095942917
    0.0134941783
    0.0021475668
   -0.0018941766
    0.0079069245
    0.0214496677
    0.0350321203
    0.0301905398
    0.0243235959
    0.0151555081
    0.0388458965
    0.0346385689
    0.0305027559
    0.0248552816
    0.0164710990
    0.0384522826
    0.0346077607
    0.0306343476
    0.0251209838
    0.0169324225
    0.0344577571
    0.0303770744
    0.0249892098
    0.0164403742
    0.0223123832
   -0.0148867052
   -0.0071251064
    0.0036974120
    0.0064754033
    0.0138205585
    0.0201997616
    0.0178770540
    0.0129123740
    0.0153910065
    0.0156625546
   -0.0041332756
   -0.0012422793
   -0.0070689278
   -0.0102406694
   -0.0005841461
   -0.0118334554
   -0.0158476092
   -0.0160311235
   -0.0139840427
   -0.0238580528
   -0.0232244577
   -0.0214007484
   -0.0187584791
   -0.0151119826
   -0.0297260359
   -0.0237005274
   -0.0192329144
   -0.0146228536
   -0.0092293575
   -0.0229768196
   -0.0137370381
   -0.0049743287
    0.0092944174
    0.0017924141
    0.0043244978
    0.0134955561
    0.0161178065
    0.0072813284
    0.0012327944
   -0.0062350674
    0.0268714660
    0.0167490826
    0.0024731151
    0.0156042296
    0.0239836258
    0.0331835919
    0.0133374497
    0.0204801924
    0.0274807966
    0.0078573066
    0.0156823549
    0.0213398193
    0.0204801933
    0.0098464382
    0.0128039556
   -0.0043237671
   -0.0163033659
   -0.0162609180
   -0.0027744367
    0.0088019407
   -0.0096822686
    0.0025914643
    0.0147600891
    0.0094356086
    0.0199561457
    0.0211667403
    0.0249377603
    0.0224543991
    0.0315547011
    0.0268053993
    0.0350814729
    0.0310271974
    0.0388751230
    0.0356849490
   -0.0097763117
   -0.0071004818
   -0.0066474958
   -0.0079725923
   -0.0023844626
   -0.0025313606
    0.0002360244
   -0.0006968952
   -0.0050467709
   -0.0035371370
   -0.0087277027
   -0.0028054145
   -0.0102640361
   -0.0141920912
    0.0111426203
   -0.0017424367
   -0.0101864571
   -0.0139095585
   -0.0152303145
   -0.0100567396
   -0.0025103672
   -0.0003379654
   -0.0068141216
   -0.0102408782
   -0.0007947579
    0.0074826583
    0.0057388015
    0.0124699771
    0.0073085472
    0.0160584750
    0.0099717757
    0.0123802088
   -0.0165279590
   -0.0024637640
    0.0110518271
   -0.0216889142
   -0.0112855695
   -0.0006689257
    0.0094634098
   -0.0127584399
   -0.0112140092
   -0.0036203842
    0.0026109281
   -0.0062971027
   -0.0296042384
   -0.0336257261
   -0.0351297232
   -0.0273518152
   -0.0222235609
   -0.0247916430
   -0.0278898248
   -0.0338205239
   -0.0418869348
   -0.0417090423
   -0.0343958679
   -0.0234552784
   -0.0135927750
   -0.0197363397
   -0.0459589943
   -0.0339231816
   -0.0196758708
   -0.0432728503
   -0.0276988296
   -0.0339691931
   -0.0147188074
   -0.0062380638
   -0.0008527150
    0.0030608971
    0.0066751788
   -0.0306599044
    0.0028319691
   -0.0000101548
    0.0026716554
   -0.0014892838
    0.0023445765
    0.0037981307
   -0.0152749921
   -0.0084001090
   -0.0196803277
   -0.0095003257
   -0.0057223582
   -0.0030298135
   -0.0086508899
   -0.0013319728
   -0.0016880151
    0.0021910545
    0.0002032479
   -0.0001213961
    0.0005106003
    0.0022358467
   -0.0054663000
   -0.0012555056
   -0.0023382341
   -0.0045983570
   -0.0112679201
   -0.0045717061
   -0.0066770945
   -0.0105776416
   -0.0137558547
   -0.0108372295
   -0.0116296003
   -0.0369839221
   -0.0195573983
   -0.0303148644
   -0.0477466924
   -0.0221874075
   -0.0360548416
   -0.0502069464
   -0.0222386015
   -0.0354403933
   -0.0465200484
   -0.0265311249
   -0.0363035581
   -0.0424912924
   -0.0186580134
   -0.0296428846
   -0.0354551445
   -0.0345165920
   -0.0157557948
   -0.0257989041
   -0.0306329391
   -0.0116791709
   -0.0192224641
   -0.0255364497
   -0.0193870870
   -0.0053536014
   -0.0145603948
    0.0045994130
    0.0004910560
   -0.0093572334
    0.0044706983
    0.0093048674
    0.0064915022
    0.0001347024
   -0.0109915314
    0.0093558290
    0.0098351190
    0.0071510943
    0.0010132790
   -0.0096714451
    0.0097599495
    0.0064094573
    0.0027976887
   -0.0059982715
    0.0059217488
   -0.0013910695
   -0.0089003461
