-1.456280913325298798e-01
-8.314042888885974092e-01
-1.238406799993977264e-01
-5.188717568592580154e-01
-1.481469497714447969e-01
1.784640513023021471e-02
-3.910811228697919778e-02
-1.016644355920243437e-01
-3.037873397404013409e-01
-3.365392563801830050e-01
-1.680814618150310857e-01
1.880367716278942558e-01
1.559979175273236429e-01
-5.499808883670026516e-01
-2.686383053429094309e-02
5.583430376408208412e-02
-1.850657868051823196e-01
-1.135247481472759501e-01
3.290880431373092996e-03
2.083720086927406956e-02
9.733574473169917529e-02
-8.772066958515560564e-02
-1.455568128550377704e-01
1.719065681386282296e-01
-3.731700081939826608e-01
-1.907112385091803142e-01
6.958257010870975978e-02
-2.245650007198030929e-01
4.174780395929524740e-02
1.307586035629464682e-01
-2.851764003318738028e-01
-4.488520145235818520e-02
-6.530997025768112141e-02
-2.716732844424307736e-01
1.462737938428459727e-01
-8.539623897306390654e-02
-9.970528220575368417e-02
-1.616922474526202580e-01
8.105376191804147812e-02
-1.799166507287155714e-01
-7.432270421518905046e-01
-2.130385988543073428e-01
-9.517040529457274078e-02
-7.895038033389739640e-02
-9.842935964273467203e-03
1.032617536975281719e-01
-1.586099210781005686e-01
-2.870026124114263832e-01
-4.821997715571624821e-01
-7.045045462597008257e-01
-3.574771028181922272e-01
-7.712846956631436157e-01
-3.849932855024443268e-01
-6.128535727871836647e-01
-1.865383526327361596e-01
1.480276037229147912e-01
-4.337622340505193352e-01
-1.923475573418266527e-01
-4.436682315410950816e-01
-4.324972920918446762e-01
-7.083610461501265165e-01
-2.052493798989833973e-01
-4.291694388013386208e-01
1.685039292790127263e-01
-7.466551359401277788e-01
-7.035698181547848096e-01
-4.976805195388256386e-01
1.814745000727708280e-01
-2.231970040711802883e-01
8.887281969533647463e-02
-3.444825588083871848e-01
-4.350249965792230555e-01
-8.802027093325465179e-02
-2.540890734790684502e-01
-5.430455448609868840e-01
-1.763332613289483319e-01
-2.645374051593747944e-01
-5.367725392976183674e-01
-3.616583185084413371e-02
-4.907677546629381909e-02
-1.532159423495871309e-01
-1.254283548010675930e-01
-2.976683584760320689e-01
-3.730300125383649856e-01
2.084402571081100664e-01
-7.092897562505813547e-02
-2.358228215453611609e-01
-5.785030087270164323e-01
-2.159801539175645879e-01
-8.326118785611146267e-01
-2.055900651149012437e-01
-1.422876823310075534e-01
-3.377821009364014859e-01
-1.697860185902874963e-01
-4.203435975030459515e-01
-9.999999999729737299e-01
1.136061853780193365e-01
-1.674888522910684963e-01
-5.028763290747461090e-01
-4.634613313907011145e-01
9.290253938953736690e-02
-2.021065145477883296e-01
-2.314878274333629360e-01
-3.320958177752977858e-01
-7.891619159683727069e-01
3.132093476356640187e-04
-2.888949898450112741e-01
1.017194194238418975e-01
-5.752588117001999901e-01
-4.581480724816271444e-01
1.260554347601810787e-01
-7.561496769062021617e-01
-5.041316704838108009e-01
-1.632800263173925792e-01
-3.552716938867708785e-02
-1.458080693422690310e-01
-4.348015336769308070e-01
1.174578081879023433e-01
-1.466678173578137567e-01
-1.328264759485128232e-01
-1.192962741038870178e-01
-3.803846709775949853e-01
-3.879465278822776253e-01
-6.449543312358303471e-01
-1.742248722962708996e-01
-2.254562691153618736e-01
-2.442792589693225935e-01
-1.978222347162088002e-01
-2.901692861515964839e-01
-1.194461498568881591e-01
-1.582535493284024375e-01
-1.512958241985512819e-01
8.394113592394628065e-02
-1.347977873040229757e-01
-1.012071922785392902e-01
-5.445115080649135519e-01
8.178338898116553624e-02
9.949692369088108945e-02
-2.702887002674351224e-01
-2.535614743667596871e-01
5.126100784666721283e-02
-2.320988604455956061e-01
6.482809119856746891e-03
-2.915068985627367604e-01
-5.141394311418184815e-01
-2.867777300851014344e-01
-2.678874844849752357e-01
-3.883703888603469712e-01
6.995738318178635895e-01
-4.402468453064894982e-01
-6.285800773419785159e-01
-6.604396785257519165e-01
1.606179617145671659e-02
-8.218397219071076343e-01
-1.256844080753400945e-03
-6.885483382875732250e-01
1.486392466352276509e-02
3.428667688170657091e-02
4.311263327203373463e-01
8.358203901713930073e-02
4.950237312821376690e-01
-9.738958315082846262e-02
-9.652722888258091771e-02
2.002802957592372465e-02
-1.945171688813380206e-01
1.179831562957201763e-01
1.809139263706168177e-01
1.106545937013903719e-01
-2.529372650352703089e-01
1.202935550563978412e-01
1.327383203806456469e-01
1.069463992424055793e-02
-8.580956075007417638e-02
1.554125202446221196e-02
1.660266592014993936e-01
-1.624293739626502808e-01
9.635785823611261666e-03
-1.675505367428402614e-01
-2.791767450356036698e-02
-2.224845942652066144e-01
-2.259317226502977061e-01
1.258547298071134579e-01
9.601706284468690400e-02
-1.921756530817557429e-01
2.085669972719175203e-01
-3.505624085801007928e-01
8.613509925603361761e-02
2.613285745874898147e-01
-1.074074594052613213e-01
-1.841652328600647259e-02
3.679026093132770764e-02
-4.582528394283313933e-02
2.137761381503727395e-02
-2.386974961910861281e-01
7.953775598050109169e-03
-3.796091409822568291e-02
6.417190906311222298e-02
4.000387128970303019e-01
7.908653760796369170e-02
-3.062295549655799295e-02
-1.609640167720373105e-01
-2.038032032689183759e-01
2.154641550637068081e-02
5.123926719581364114e-02
9.293561609938799650e-02
2.996084829354965229e-01
5.386786289418925983e-02
-4.036986216502939928e-02
4.572183681191345217e-01
3.772934216839672339e-01
5.072415113591883795e-01
6.374910824262167153e-02
4.163384576088601657e-02
1.743738530673916987e-01
6.847480548172547692e-03
2.438263902529212990e-01
2.225279542643049113e-01
4.995668128237538141e-01
1.679270773553900517e-02
1.012352776812111416e-01
-2.079779321443170070e-01
3.089151493337926602e-01
6.596896804396590319e-01
2.909490341115017475e-01
6.649643458034347476e-02
7.946614524856648876e-02
-2.121071491441328394e-01
1.146927511053009302e-01
2.878339271837397906e-01
2.222078838114773544e-04
1.067413067003238347e-01
5.188963247635951515e-01
4.920611486671367524e-02
2.030215420455339648e-01
1.366252494247567062e-01
-3.540171845650538253e-03
2.344887186002810682e-04
1.040011710863832650e-01
1.614543959052564814e-01
9.947676096167112902e-02
1.775357797585969122e-01
-2.192704087538677737e-01
4.040950824640212745e-04
4.249601509946099309e-02
5.682970750758626899e-01
5.706479582474580092e-02
5.273704489398870487e-01
9.647431321700510043e-02
3.547072075439366978e-02
1.407153265580081691e-01
4.611853034560652043e-02
2.614193740647800523e-01
3.003354257060323329e-01
-1.575205494642268333e-01
3.739513746316759646e-02
1.584058148775110142e-01
1.666071485140989683e-01
-2.209711064546859005e-01
1.109073295665174014e-01
1.266245579738534410e-01
1.190948357604451474e-01
5.828880021631072106e-01
-9.387683192228744866e-02
1.090122204118099680e-01
2.651697285443910257e-02
1.711028596004407765e-01
1.515143198440196126e-01
-1.769120210879833455e-01
8.384759419113980983e-02
1.685638658399740697e-01
5.343442877346319536e-02
-1.231527417950873705e-02
1.141699797419912926e-02
2.923938334666412175e-01
-1.776147701831753412e-01
1.023869324363743394e-01
4.420434636142316770e-02
2.157972429331193182e-02
1.319206662004015207e-01
1.733306998738995408e-01
2.027342310835064942e-01
1.250451906492180791e-02
5.693939861126641466e-02
8.061597506039355765e-02
7.792348231572701622e-02
1.109954287314069699e-01
1.229018401435172381e-02
6.490988243811139646e-02
5.664157738866872766e-02
-2.310142424485472912e-01
1.139592201949797545e-02
1.294385572403718154e-02
3.160282110798381949e-01
-1.190663834938184562e-01
-1.219578872923789276e-01
1.149288162111806177e-01
1.100285943183135634e-01
-2.185737170964560314e-02
6.006812110690185752e-02
3.785745672529403083e-02
1.822681729357629732e-01
2.596159982231338592e-01
-9.924514789688962391e-02
3.585504811738976505e-02
5.663066819658289092e-02
-4.012116246958383203e-01
3.023402548440837778e-01
-1.512443848978368144e-01
2.507160014924570413e-01
1.219535977771968177e-01
1.592761145031690584e-01
3.112075350036502264e-01
-6.921928905521386177e-01
1.511189327516169745e-01
-5.274103548686584486e-02
-3.212614436312308946e-02
-5.636128153217243725e-02
-8.644406872302959344e-02
7.029734678934944359e-02
4.096320507229977981e-02
-4.875607514303536422e-02
9.172308623166640362e-02
2.267236158207771093e-02
-3.015136354667240226e-02
-1.045629165103717506e-01
1.212253380881214843e-01
1.195702096701479755e-01
-1.675767367925692919e-01
-4.259562941996398316e-02
1.024036892894307320e-02
-2.420278684140108119e-02
-1.838045968360539628e-02
3.012612427901641479e-02
-4.884019312943586877e-02
6.511802191630541858e-02
-3.676558655781007878e-02
1.332915817683030801e-01
5.850174133362377737e-02
-3.318903451047732628e-02
-4.383567351293179287e-02
7.144931660987617617e-02
-1.397118584902357595e-02
6.347187945587424995e-02
-1.172290886762173551e-01
-3.612661592449137316e-02
8.104823090233814753e-02
-3.947571272722736474e-02
3.272889321916248179e-02
-1.341527503356433337e-01
-3.733019686846545532e-02
1.560246092576041965e-01
-2.453219861371104191e-02
2.361520613368525701e-02
-4.355087889094168968e-02
-6.288290991532435870e-02
8.312472681976901603e-03
8.319953857915202144e-02
1.525176201073197846e-01
5.389156921887141433e-02
-6.567412484107898419e-04
-3.606775750191197616e-02
-4.365938586301864460e-02
-7.409192271060628665e-02
4.352930462605993089e-02
1.639640939681159815e-01
-1.152387007169024813e-01
-2.170768096009450532e-01
-1.077216163174055524e-01
-4.802103256613798193e-02
-1.243596287305318432e-01
2.542928348714190018e-02
3.101946663931378495e-02
-3.367406971891541423e-02
-3.039808084525053369e-02
-1.654525852857388901e-01
-2.916082823106810537e-02
1.152761210658530093e-02
7.986591960747289887e-02
-4.727812708967235600e-02
-1.177153469433134952e-01
-4.653047089471405717e-02
-1.051161741586936760e-01
-2.582992459286493833e-02
9.641868061403560675e-02
3.222521665800485297e-02
-4.594729704398077541e-02
-3.593614276746785741e-02
-4.096985476605851523e-02
-1.386882240846740444e-01
-1.130921507670259660e-02
1.261217661840435302e-02
-6.976180794994213397e-02
-2.455517988927127457e-02
-3.040065324863616344e-02
-3.837848014518351059e-02
3.958741012571001527e-02
-2.182314263253532644e-02
-5.790016847997572769e-02
6.319463828994266452e-02
-1.964762843672412593e-02
-8.246528857428471471e-02
-1.314501442881313986e-01
-4.988305194343093003e-03
-1.374160922194619106e-01
-1.277891929096484219e-02
-4.723325540063168237e-02
-4.820953113902282788e-02
-3.463504149369098922e-02
-3.850990582698036319e-02
-5.840393614751047263e-02
4.046125081453880862e-02
-1.188907143012786667e-02
-3.044224418039638211e-02
-4.536521758776568963e-02
9.711590287893082096e-02
-3.593880399585250122e-03
-1.388449397003103068e-02
-3.519666157774777038e-02
-1.975743638243120937e-01
4.431067875925197297e-02
-3.983185364531332401e-02
-4.904957680830678707e-02
-2.551023339456626182e-02
-2.139021448131076669e-02
3.856030541970213027e-02
-9.425214813171615968e-02
-3.866923986281865788e-02
-1.132774095754311532e-02
-2.724145238975968566e-02
-1.547089362225054568e-02
-6.008304643960256375e-02
4.214562598376902364e-02
-8.635680195239101020e-02
-3.674944094801018551e-02
-3.838851408643990243e-02
-2.244391633779281581e-02
-7.384800425521169387e-02
8.970910752800664162e-03
-2.550317634920681517e-02
-2.213104765464570661e-02
-3.556050432191242699e-02
-1.384483080849689858e-02
-4.890347961767813056e-02
-1.756099337251191758e-02
-2.648575477005629241e-04
-5.624371064862385139e-02
9.327059695054724930e-02
-1.826889093763929897e-02
-2.422508389323841521e-02
-7.642553116144069902e-02
5.579493510539852014e-02
7.096064973672368270e-02
-3.903092015607326909e-02
-1.195978857932944971e-02
-3.296032990776436022e-02
3.861775643221565003e-03
-1.017771115080143285e-02
-7.275864364399388384e-02
-4.371327290397004905e-02
6.790653342616202737e-02
-2.456344675515591009e-03
2.255627716908619601e-02
-9.118667802830737745e-02
3.000000000000000444e-01
3.121165779156140352e-01
-2.205207339498217733e-01
-6.677217791097218857e-02
3.822074814883330562e-02
-7.832360380439885861e-02
-2.265323340972342225e-01
2.725574981507350447e-01
8.525366120780872650e-03
5.391725554650655949e-02
1.025397982069391374e-02
5.859318186325385147e-02
2.673068306561707588e-02
4.947923906287820736e-03
1.317589036392629795e-02
1.474950705298963549e-02
1.520808279081497551e-02
2.181975459651828639e-02
-1.517651358099532388e-02
-2.986728402646567776e-02
2.881327672842389290e-02
-7.929935985046983327e-02
3.934683899976484413e-03
1.710804247336488240e-02
1.387388680556410174e-02
2.880832619811118586e-02
3.925356897342064527e-02
1.806267272768735319e-02
1.053993205860137040e-02
3.125571985607037556e-02
1.235253421578309113e-02
3.625046505031102265e-03
3.027292507959590886e-02
1.126792101226186359e-02
1.043448407453837455e-02
2.556757544711761587e-02
4.941093197267516779e-02
1.598052012064580044e-02
3.312282831595946692e-02
-3.407923515036372260e-03
1.421520043885556896e-02
3.357786539601627460e-03
6.055513208456576174e-02
-3.121787418699837821e-03
1.955538946490140324e-03
1.175651470082740742e-02
2.488004593985417099e-03
1.366404126996827346e-02
3.492484550926402975e-02
1.457597875997990872e-02
4.702350924122590189e-03
-2.920654452113178017e-03
3.693516670742696961e-02
4.799474865782653657e-03
1.782896482499799970e-02
2.437779866842459953e-02
3.389198073113586229e-02
-2.095249133237850683e-02
2.647293871850467037e-02
5.385302920233921847e-02
9.470357778286683792e-02
1.937020052189444841e-02
2.597999139779259142e-02
4.185033873800433901e-02
5.686446351679380617e-02
9.710013655481622083e-03
2.632954266658958306e-02
2.154466060354075924e-02
8.065703064544170811e-03
2.118743556305578007e-02
1.168100708751310807e-02
-2.606483746010160307e-02
2.181449720736313574e-02
3.912586327636041056e-02
3.269739825513928722e-02
1.255822397937830619e-02
1.316374109788348915e-02
6.147734566010337742e-03
4.043534125166018713e-03
3.790631557183560263e-02
1.852686548994360999e-02
1.361334135345333707e-02
6.909479687258540670e-02
-1.324091101270803272e-03
3.296401658924643513e-02
-1.587264708802465021e-02
1.184373943853643182e-02
8.598820410327319072e-03
9.061790670259323860e-03
-6.497103466877006406e-03
1.717811801317139023e-02
3.584708391157456764e-02
5.037109276091815760e-03
3.840367096448712211e-03
-1.755002822766734208e-02
1.298628711114772627e-01
8.004150423549952296e-04
5.979730176626754656e-02
-7.970023574265424834e-03
1.035959422621150934e-02
3.409528831108861457e-02
2.237011455808189664e-02
1.949591531814300407e-02
-3.783079918785222772e-03
1.662479181736421785e-02
7.961440341369165757e-03
2.340564864384185595e-02
1.600911666410081632e-02
-2.470119682425265173e-04
5.161884130563669515e-03
3.241444908867960328e-02
2.395750464048147788e-02
9.827277906441334032e-02
-5.760649826067148344e-03
1.893422800288187616e-02
5.199472471989842470e-02
1.683962913594765076e-02
-7.673605328921648608e-03
3.982003087361015575e-03
-2.750727077310026469e-02
3.760572551175109246e-02
1.267682245228602018e-02
5.851049891105690633e-03
1.466898160201305854e-02
4.324335220972322369e-02
2.684384144818729653e-02
4.522783819808956496e-02
8.142170152231620328e-03
1.112768987683948607e-02
2.163986285929806255e-02
3.799965128301107525e-02
2.943347928590329433e-03
2.045291468230153037e-02
2.394925322283845970e-02
1.540356789449415231e-02
-7.456452071123392464e-03
1.371035009464396069e-02
1.352874669801388229e-02
3.471598934606315735e-03
2.172220022570452852e-02
2.445510712970447656e-02
1.588110922527926488e-02
1.780574479855925527e-02
5.033417745221111655e-02
-1.534095313414255563e-02
1.215060771289784569e-02
7.141559747545241435e-03
1.113684849287691590e-02
2.509566277866399344e-04
2.124472190995073048e-02
2.848943396743997686e-02
6.026959658251516971e-02
3.992281206891556966e-02
4.746481982433371077e-03
3.544826665537791077e-02
-2.234391441880894183e-02
0.000000000000000000e+00
0.000000000000000000e+00
0.000000000000000000e+00
-1.142691795268496735e-02
7.264347173862918672e-02
0.000000000000000000e+00
-1.831695823884336993e-02
1.290654348241893346e-01
4.703500254890283228e-02
