1.413477945837937622e+00
1.336025867533603195e+00
1.553092163225519240e+00
1.024684415651821112e+00
2.118373041957801739e+00
3.376639904969232497e-01
1.393987050753056733e+00
2.868793016687984920e+00
1.508872222257235274e+00
1.470704218077008241e+00
1.349123748139885226e+00
2.656807106072442415e-01
1.200743011744247246e+00
1.339617816635909175e+00
1.411983873988995164e+00
3.219397370572379402e-01
1.410470887739560197e+00
6.670745800386389535e-01
1.998158650454781915e+00
1.444904077229588690e+00
2.598750777361102937e-01
1.345477967722357393e+00
2.957333096425036612e+00
2.922905099444681465e-01
1.392640990922008770e+00
1.443417911007154775e+00
2.646748614529890742e-01
6.931915480077345260e-01
3.732209488074293424e-01
1.381201243227082376e+00
6.865113563149833897e-01
3.607097958959896711e-01
1.318581132967071357e+00
2.496891454458374238e+00
2.373994798632663994e-01
1.448420061970344230e+00
4.301277967181591499e+00
1.444441555206718242e+00
3.577209156226937581e-01
1.315143257191438542e+00
1.185291691282041260e+00
2.259142536070488649e+00
2.084138034390790928e+00
2.900622432328710421e+00
2.852080434678537557e+00
3.352032661476478936e-01
1.286552806318387976e+00
1.374378080086970488e+00
8.992107999164585808e-01
4.501734061372874685e+00
3.350727154196771806e+00
1.427614413390221326e+00
1.343261491162014210e+00
1.178436794939820675e+00
1.410604229296263501e+00
1.687560707187011122e+00
8.949471965361444070e-01
2.641667448934305273e+00
9.137287266778234551e-01
1.090931395838329765e+00
1.345774598250566667e+00
1.369008005599205324e+00
1.372594067705739551e+00
2.833145938836849620e-01
2.029410368790303121e+00
9.809178418441727443e-01
1.048539192222311067e+00
1.369386834643341766e+00
1.600212685427828685e+00
2.595060969643321891e-01
1.024978943776563733e+00
1.078599249496854817e+00
1.374630677497996833e+00
1.158261885149961534e+00
9.376375256990117091e-01
1.491245802222104011e+00
7.092006178194207866e-01
2.113058481408836453e+00
1.318739439043846939e+00
1.344553625323119617e+00
1.354344700079664676e+00
5.712196431047142919e-01
1.995608877940725723e+00
1.356230177058108444e+00
2.948917313798065098e-01
1.324453050562024448e+00
1.400895711296894497e+00
9.111718196808281656e-01
1.415814145661786316e+00
1.236747514290498673e+00
1.374843006232615794e+00
1.442500640982849580e+00
1.331051867097644781e+00
1.397435831987224875e+00
9.540539888135388669e-01
2.166009659146088673e+00
2.323200884181835513e-01
1.385339782312696277e+00
1.265685061641644849e+00
1.404916093317916337e+00
2.153523129180028584e-01
1.151191487426111104e+00
1.212149354607186647e+00
1.149860534375764187e+00
1.218887728437708429e+00
1.436528466575092144e+00
1.615926858458019533e+00
1.262979646611027240e+00
1.392351990660702477e+00
1.283652352579641054e+00
3.016886921866219762e-01
2.407134132728981246e+00
1.388993400996822780e+00
1.502253032318849435e+00
1.293336182358226782e+00
1.334598885450737793e+00
9.435054809115163144e-01
2.849186256098977243e-01
1.454950979388847099e+00
1.551156638123732723e+00
1.327809689982607733e+00
1.347522477368239713e+00
1.198265326051288326e+00
2.361209666702509757e+00
1.348741558401626017e+00
1.723069798577341105e+00
2.086508317808183133e+00
1.466201498153140381e+00
1.375211048270488678e+00
1.205824234280026719e+00
1.351147320510722505e+00
1.512207344117457719e+00
1.676391159314735424e-01
1.300697329727966478e+00
1.315322844715844264e+00
1.228107486091967404e+00
3.469906905988890400e-01
1.901610915298511673e-01
1.247770402565006043e+00
1.279518634029361834e+00
1.073919324302822886e+00
1.248926053897914334e+00
1.218599144066027318e+00
9.799739887177816300e-01
1.034698492890214983e+00
2.919928999820611271e+00
2.849675355982631775e+00
1.602573982089753768e+00
1.208910514325401087e+00
1.177368799354287843e+00
2.236683633258251536e-01
1.090175678838623430e+00
-1.047245859222357134e-01
9.441618272070955165e-01
3.023257329165284224e-01
8.691459998231870765e-01
3.996348359053882304e-01
7.800647654901331218e-02
-1.967746569491652178e-02
7.641278805051453238e-02
-1.697230426988878826e-01
1.628428629354243817e-01
-1.559741510640454687e-01
4.103534359436489948e-02
3.602805350646620663e-01
7.433075666063798659e-02
2.368600174216443921e-01
-5.515736961550389561e-02
-2.130539640673747848e-01
-1.041833933549822684e-02
1.618415723019580102e-02
3.430230325931137025e-02
-1.710844215772999721e-01
6.743978073588552391e-02
-1.711645619439374211e-01
1.780336401062914409e-01
1.003369653483097701e-01
-1.985551798049010053e-01
8.329144669724550254e-02
3.523540451268832863e-01
-1.764272754475676719e-01
7.291324310764910402e-03
6.284402219436689696e-02
-1.397337797286829220e-01
-1.937779116493409115e-01
-5.970853836923323277e-02
4.686385524555001375e-02
-2.459059839857615504e-01
-1.268602269643598623e-01
2.841963997398095493e-02
2.859334311760296510e-01
7.099841909377242744e-02
2.780930707984913611e-02
7.026505861725846902e-01
5.359451874539327559e-02
-1.670299562993795839e-01
8.460408948697260845e-02
-1.888822103448903680e-02
2.764554182871577503e-01
1.240118374533372148e-01
3.116484299680369885e-01
3.642022708642330131e-01
-1.926262520980060455e-01
8.129685338197931155e-02
8.515836007585181333e-02
-8.678018945354140645e-02
9.722633772903764848e-01
7.836431727729799013e-01
1.723097641574972486e-02
-5.806085619471704901e-02
-1.353910417316870340e-01
2.677878246382582594e-02
1.513437511054520901e-01
-2.153464414627605239e-01
2.814666791213203401e-01
-1.039862873093939100e-01
-7.043500805103478091e-02
8.424381961779936479e-02
3.848984014077751897e-02
2.519542354719764288e-02
-1.489951869206820878e-01
3.048994132945780366e-01
-1.610664708257726341e-01
-6.558671223463403976e-02
1.027433964748605821e-02
1.230954511656709716e-01
-1.761258400741678443e-01
-1.040233325028439570e-01
-5.179070928782718297e-02
3.965016356332873304e-02
-1.215244225195847086e-03
-3.856427962003100562e-01
9.285379725930881234e-02
-1.543478961505993508e-01
5.457165594794236574e-01
4.190785459257136830e-02
3.673011569226112411e-02
1.716342280990809308e-02
-3.409110211409163704e-01
3.313052865345316178e-01
-2.080677776488356820e-02
-1.724338368612982342e-01
4.749265964590605044e-02
2.700263822841646455e-01
-8.164361061235378414e-02
9.071378693444497043e-02
-2.896337668670430007e-02
5.443837659127376272e-02
7.563846746894201112e-02
6.825100652689887991e-03
4.099359841131127585e-02
-9.157446459838497477e-02
5.074865715667224997e-01
-1.773746097395026422e-01
7.747120909995255933e-02
-7.077964941109413446e-03
2.628872597495000851e-02
-1.683523201904369715e-01
-3.346640015488225317e-02
-3.295540600726903219e-02
-1.531604693352131910e-02
-5.159983132575925169e-02
1.119828270167343431e-01
1.004323019074501167e-01
-3.769549624670888444e-02
2.084353953096134901e-02
-2.005698395588746685e-02
-9.952462710204143526e-02
9.999999999994133582e-01
2.418121673282231515e-02
8.816771295442177303e-02
3.296114237615554304e-02
2.305786827988619628e-02
-1.670351886699555088e-01
-2.238891977347337026e-01
9.984449684866136820e-02
1.907755272176305528e-01
2.159139780596504646e-02
6.528909300726875101e-03
1.705400970015358980e-02
3.173683114747177791e-01
3.212138978710973869e-02
2.191917426366216115e-01
4.326446094320286484e-01
7.024705863986971388e-02
1.221034262279424576e-01
1.241105585568922920e-01
2.733711534948387797e-02
7.530524655378791066e-02
-2.484878310705007642e-01
1.021970671485931126e-01
2.924455616099474672e-02
-1.487386624430948323e-01
-1.359930241119483019e-01
-2.647177468085290530e-01
2.059084878420262485e-02
-2.372272912309954240e-02
6.917341683562498733e-02
-6.192105253496162781e-02
-5.788563339921749124e-02
-9.485952893227055094e-02
-1.275235456948218271e-01
3.846096560718926805e-01
4.232397437444027632e-01
-1.669733483534452390e-01
3.172411079303987802e-01
-4.805031942355281194e-01
-1.947138745335554380e-02
8.618005298016769844e-01
-4.795076378147746649e-02
-5.354362537168097513e-02
-6.176426993806426527e-03
-7.043371110569567051e-02
-1.730922633160018043e-01
-2.895548748738350012e-02
9.688771659952688520e-02
-7.655301709749758043e-02
-4.013977728891331143e-03
-1.610199765490352361e-02
-6.386752702413566428e-03
-6.873954313624920653e-02
2.063213542552585263e-03
-1.711669595230979335e-01
2.602400230287438970e-02
-1.398984740866644587e-02
-4.573235022769678304e-02
-1.316355141815875596e-01
7.393887495563471191e-02
-8.233313581562214101e-02
-7.549777268305410578e-03
-8.366682927176803675e-02
-5.612769488781874788e-02
1.045632252318257592e-02
-4.429187970741503555e-02
-2.733353699782789178e-02
-7.386235430763829490e-02
-1.677305354029438866e-02
-2.009402126090875998e-02
-1.035806389525192606e-01
-5.813993204879257942e-02
2.259877248361424895e-02
-5.085750937006432160e-02
-1.084507160713631471e-02
-8.262568354350202648e-02
-6.210081146347794928e-02
-7.787223820362877691e-03
-6.371148194158449130e-02
2.050435852432587816e-03
2.381974012144229963e-02
-9.734906425970223098e-02
3.088699960721379492e-02
-1.001115074214551925e-01
-5.740228283032494140e-03
-1.121728041857190895e-03
1.332743385721301722e-02
3.522800319590279478e-02
-1.715402583671771231e-02
-1.961910643979328933e-02
2.626366399785989500e-02
-3.462703555647201475e-02
-7.489726774255276581e-03
3.394487253306161054e-03
-2.040661842854771257e-02
3.392613977945376780e-01
1.185974863469566182e-01
-1.671267306635210517e-02
5.319246952504943365e-02
3.688313669257773514e-02
-1.132755054089425450e-01
1.041025410269733331e-01
-2.784415678310014214e-02
-2.128866781354964502e-02
-3.608968862211645728e-02
-4.718702217449759206e-02
2.055758710495935448e-01
-4.830822123839421944e-02
-8.994175417813000950e-02
-1.561923226897586094e-02
-4.052929129129029251e-02
-9.051876804993209957e-02
-5.280613326544475461e-02
-1.338750381188122396e-01
-4.276903987156108894e-02
9.944294708906354849e-03
-1.760181763366727714e-02
-6.250200552633738971e-02
-3.370421249258520602e-02
-1.818410809541757059e-02
3.421098593225966201e-03
-6.659455155763376044e-02
-4.988877954221245664e-02
2.815845214985983683e-02
-5.328764457907167462e-02
-7.172329765403276380e-02
-6.164540877822659998e-02
-1.032865064531053173e-01
-5.868131361099364340e-02
-9.676922801913666328e-02
-1.224058503453650214e-02
-5.131652700719155358e-02
2.519580417678309037e-03
-1.387329818149547200e-01
-1.511014386926621753e-02
2.919049765651538994e-02
-2.756714650391548643e-02
-3.913279314354093513e-02
-6.891180880370180450e-02
-7.994280219416313726e-02
-6.177475101842035132e-02
2.078751698889470811e-02
-1.159133392210841967e-02
-1.900122808792960999e-02
-4.166806737605309452e-02
-7.156270239768620922e-02
-1.313370336472441564e-02
-6.642095813606810339e-02
-7.190449061892149885e-02
-5.631295901561647610e-02
1.467577648052765041e-02
-5.775795841386071293e-03
-8.226384504448680524e-02
-1.466328790368181811e-01
-6.064016150325845372e-02
-7.396113579322276255e-02
4.011525342880194775e-04
1.801377635175727965e-01
-6.164879938209436722e-02
-6.420949116107842192e-02
-5.216557017242321598e-02
-6.653317658309687577e-02
-7.693939019733421480e-02
-9.574109114135852250e-02
-2.130742597518148901e-02
1.739047997337769130e-02
-7.294659307050062325e-02
-7.195566216449869601e-02
-4.293546430791062019e-02
-3.790176382618964945e-02
-7.431738532047839352e-02
-1.209949391538018768e-02
6.564104638090208221e-02
-6.063076719633039846e-02
-1.648317702044849176e-02
-9.691456931672951663e-03
-7.390571412378189181e-03
-6.848405058455443728e-02
6.678841995360272100e-03
-1.381312128291259031e-02
-5.680586528205694430e-02
-1.027899864760959958e-01
1.329404316956886260e-03
-4.237807951824273250e-02
-6.810856798648891319e-02
-3.718979795898124524e-02
-2.966725225262661914e-02
-1.056895463342752556e-01
-1.332428476920549387e-01
-3.673977393844505418e-02
-5.239938001702838105e-02
-6.321432116352201924e-02
-4.280474515671407743e-02
-1.585285023888436950e-01
-1.280766374101208749e-01
-1.287527470139334662e-01
3.022163909900854040e-01
1.441251775439770788e-01
-2.753208548843514292e-01
-7.744275056690834436e-02
4.411354584220415070e-02
-8.184004460411113679e-02
2.496748906730365120e-02
2.381495934333848104e-03
1.510813528485485321e-02
-3.904595390480563970e-03
-1.006095821959816956e-02
6.162186898774166255e-03
1.933425041056840987e-02
1.016923615683065947e-02
-2.068831358261018216e-03
-2.519141510008065729e-02
2.247180779601288397e-02
4.706677832382333282e-02
3.444334055277063766e-02
3.002477801135114768e-03
1.158868417960155356e-01
2.269483640555846737e-03
1.975095176457788287e-02
-2.322892227581050892e-02
-8.396218808506708195e-03
3.782598177664851444e-03
2.750436350432734246e-03
1.801251529830821471e-02
-3.177948550195310029e-02
3.194726943199361659e-03
3.760476581568737708e-02
-5.736004148302817351e-03
1.785471089191634220e-02
3.144061271613633052e-02
3.058753225876733976e-03
3.727952331576560308e-02
2.124672482515432836e-02
-3.710657889409099772e-03
2.186152497254764682e-02
2.310192905787430279e-02
6.235603646891175328e-03
1.023632750994588753e-02
-1.443678688658294774e-02
2.715468684284386494e-02
-1.438363549264597661e-02
3.369592438001103862e-02
-2.444671183638420049e-04
-2.719616437742638365e-02
-1.757370468500619315e-02
2.057386082742517983e-02
1.067884244214585034e-02
8.722968170096082399e-03
5.258138299801106558e-03
5.032129580467049196e-03
1.071258031154752495e-02
-4.588688654633205771e-02
1.982370030600594246e-01
4.118455914278656288e-02
-5.513633296554156221e-04
-5.007766155215188225e-03
-5.609547243813105960e-02
-2.151851908238744046e-02
-9.433513050445528972e-03
-8.260540888978980256e-02
4.964614979690779029e-03
-1.187399569423468366e-02
1.229433876436312155e-02
1.493642277906714055e-01
6.598030901051113450e-03
2.751754033506100677e-02
6.484367136087292038e-02
-3.023118718794278251e-02
-1.438065395031457201e-02
2.824561098716959692e-03
4.736575000663351999e-03
2.450721546245895541e-02
3.389821009993764650e-02
-9.515850830289298429e-03
-4.355539875375901392e-03
-4.316094373480366779e-03
-1.269206670841288923e-02
2.563576390351730502e-02
2.513119358747571003e-02
-7.250798970004550779e-03
2.495193096608381428e-02
3.290420016684975080e-03
7.238759604562483400e-03
3.925439321503380635e-04
-1.124011736578524843e-02
-8.307708707262157280e-03
-1.090129207831485800e-02
3.431994091423328647e-02
2.045965864391554711e-03
5.584137200080172350e-03
-2.102389729527733356e-02
1.131460437448575385e-02
1.507778794183184693e-03
-2.586670794631143336e-04
1.206062387101899079e-03
1.620994976455606047e-04
-1.195780931650840609e-02
2.554878954988518483e-02
1.051035961740045752e-02
5.576399361575652691e-02
1.353717197787444176e-02
-1.727463625908276165e-02
6.278201547795068602e-03
5.562000499595429887e-02
-8.670462134392695197e-03
-4.411632733419813823e-02
3.948789083618562887e-03
4.748674738185488034e-03
-4.497418157093704787e-03
1.454903489325204934e-02
-2.482494686317678403e-02
-7.311364608996601296e-03
3.272201832796244741e-02
5.522178688224848447e-02
1.123620665466678603e-01
4.380545931148850311e-03
-9.825723922001958904e-03
-2.741920953221647569e-03
3.605724160256664531e-03
-1.150053885095465508e-02
3.557059952179632018e-03
4.690326315847577129e-03
1.966647975646596685e-02
-8.901764292998501707e-03
-6.903947538531867876e-04
-1.389198182740015303e-02
-7.413528295339861032e-03
-1.520894344023245026e-02
3.876967264330269392e-02
1.112083270580806887e-01
3.728374864172200737e-02
2.167821409403259195e-02
2.858691218092594688e-02
-9.116930416610914689e-03
7.046122710791022370e-02
1.179219402469501854e-01
1.979306343345660617e-03
-5.761699890791203288e-03
-5.559752835000547622e-02
3.106448012767819636e-02
3.259802742613181203e-02
1.174556709098383521e-02
-1.606702542325489508e-02
2.403580691244601442e-02
-3.061486474687195522e-02
-2.645037151879545828e-02
9.948947843737929869e-03
3.545538179122181838e-05
2.286303290274332989e-02
-1.830741342195099826e-03
3.493954788662476107e-02
0.000000000000000000e+00
0.000000000000000000e+00
0.000000000000000000e+00
1.999999775759772058e-01
-4.699728827114905971e-02
0.000000000000000000e+00
3.612800064088038388e-02
2.964160129699267010e-02
1.201203849373325139e-01
